{"number of modes": 6, "number of surfaces": 15, "energies": [[-1.2179868800576565, 0.0, 0.0, 0.0, 0.0, 0.0, 0.0, 0.0, 0.0, 0.0, 0.0, 0.0, 0.0, 0.0, 0.0], [0.0, -1.2179868800576565, 0.0, 0.0, 0.0, 0.0, 0.0, 0.0, 0.0, 0.0, 0.0, 0.0, 0.0, 0.0, 0.0], [0.0, 0.0, -1.2179868800576565, 0.0, 0.0, 0.0, 0.0, 0.0, 0.0, 0.0, 0.0, 0.0, 0.0, 0.0, 0.0], [0.0, 0.0, 0.0, -1.2179868800576565, 0.0, 0.0, 0.0, 0.0, 0.0, 0.0, 0.0, 0.0, 0.0, 0.0, 0.0], [0.0, 0.0, 0.0, 0.0, -1.2179868800576565, 0.0, 0.0, 0.0, 0.0, 0.0, 0.0, 0.0, 0.0, 0.0, 0.0], [0.0, 0.0, 0.0, 0.0, 0.0, -0.8013863790576565, 2.71e-07, -2.71e-07, -3.09e-07, 7.74e-07, -2.53e-07, -9.01e-07, 1.031e-06, 1.1e-07, 7.84e-07], [0.0, 0.0, 0.0, 0.0, 0.0, 2.71e-07, -0.8013863630576565, 5.19e-07, 5.76e-07, 3.49e-07, -4.23e-07, 2.38e-07, -5.62e-07, 1.15e-06, 1.03e-07], [0.0, 0.0, 0.0, 0.0, 0.0, -2.71e-07, 5.19e-07, -0.8013860780576565, -7.8e-07, -2.07e-07, -1.508e-06, -1.479e-06, 1.2e-08, -7.97e-07, -6.86e-07], [0.0, 0.0, 0.0, 0.0, 0.0, -3.09e-07, 5.76e-07, -7.8e-07, -0.8013853490576566, -1.028e-06, -6.56e-07, 1.36e-07, -5.79e-07, 6.56e-07, 2.06e-07], [0.0, 0.0, 0.0, 0.0, 0.0, 7.74e-07, 3.49e-07, -2.07e-07, -1.028e-06, -0.8013858780576566, 5.82e-07, -5.13e-07, 3.2e-07, -2.02e-06, 1.9e-07], [0.0, 0.0, 0.0, 0.0, 0.0, -2.53e-07, -4.23e-07, -1.508e-06, -6.56e-07, 5.82e-07, -0.8013857780576565, 2.69e-07, 2.71e-07, 3.09e-07, -7.74e-07], [0.0, 0.0, 0.0, 0.0, 0.0, -9.01e-07, 2.38e-07, -1.479e-06, 1.36e-07, -5.13e-07, 2.69e-07, -0.8013857940576565, 5.2e-07, 5.75e-07, 3.49e-07], [0.0, 0.0, 0.0, 0.0, 0.0, 1.031e-06, -5.62e-07, 1.2e-08, -5.79e-07, 3.2e-07, 2.71e-07, 5.2e-07, -0.8013860780576565, 7.79e-07, 2.08e-07], [0.0, 0.0, 0.0, 0.0, 0.0, 1.1e-07, 1.15e-06, -7.97e-07, 6.56e-07, -2.02e-06, 3.09e-07, 5.75e-07, 7.79e-07, -0.8013868090576566, 1.028e-06], [0.0, 0.0, 0.0, 0.0, 0.0, 7.84e-07, 1.03e-07, -6.86e-07, 2.06e-07, 1.9e-07, -7.74e-07, 3.49e-07, 2.08e-07, 1.028e-06, -0.8013862800576566]], "frequencies": [0.01186994094, 0.01187490018, 0.01213278066, 0.08021818662, 0.08021818662, 0.08025166149], "electronic transition dipole moments": [["0j", "0j", "0j", "0j", "0j", "(-0.073721+0j)", "(-0.073721+0j)", "(-0.073721+0j)", "(-0.073721+0j)", "(-0.073721+0j)", "(0.073721+0j)", "(0.073721+0j)", "(0.073721+0j)", "(0.073721+0j)", "(0.073721+0j)"], ["(-0+0j)", "(-0+0j)", "(-0+0j)", "(-0+0j)", "(-0+0j)", "(-0.042498+0j)", "(-0.042498+0j)", "(-0.042498+0j)", "(-0.042498+0j)", "(-0.042498+0j)", "(0.042498+0j)", "(0.042498+0j)", "(0.042498+0j)", "(0.042498+0j)", "(0.042498+0j)"], ["0j", "(-0+0j)", "(-0+0j)", "(-0+0j)", "(-0+0j)", "(-0+0j)", "(-0+0j)", "(-0+0j)", "0j", "(-0+0j)", "0j", "(-0+0j)", "0j", "(-0+0j)", "(-0+0j)"]], "magnetic transition dipole moments": [["0j", "0j", "0j", "0j", "0j", "(-0.073721+0j)", "(-0.073721+0j)", "(-0.073721+0j)", "(-0.073721+0j)", "(-0.073721+0j)", "(0.073721+0j)", "(0.073721+0j)", "(0.073721+0j)", "(0.073721+0j)", "(0.073721+0j)"], ["(-0+0j)", "(-0+0j)", "(-0+0j)", "(-0+0j)", "(-0+0j)", "(-0.042498+0j)", "(-0.042498+0j)", "(-0.042498+0j)", "(-0.042498+0j)", "(-0.042498+0j)", "(0.042498+0j)", "(0.042498+0j)", "(0.042498+0j)", "(0.042498+0j)", "(0.042498+0j)"], ["0j", "(-0+0j)", "(-0+0j)", "(-0+0j)", "(-0+0j)", "(-0+0j)", "(-0+0j)", "(-0+0j)", "0j", "(-0+0j)", "0j", "(-0+0j)", "0j", "(-0+0j)", "(-0+0j)"]], "linear couplings": [[[0.0001344241127313237, 0.0, 0.0, 0.0, 0.0, 0.0, 0.0, 0.0, 0.0, 0.0, 0.0, 0.0, 0.0, 0.0, 0.0], [0.0, 0.00013469634755803057, 0.0, 0.0, -0.0, 0.0, 0.00016472, 0.0, 0.0, -0.0, 0.0, 3.683999999999999e-05, 0.0, 0.0, 0.0], [0.0, 0.0, 0.0001344241127313237, 0.0, 0.0, 0.0, 0.0, 0.00011297999999999999, 8.226e-05, 0.0, 0.0, 0.0, -5.0839999999999994e-05, 0.0, 0.0], [0.0, 0.0, 0.0, 0.00013469634755803057, -0.0, 0.0, 0.0, -1.962e-05, 7.068e-05, 0.0, 0.0, 0.0, -8.304e-05, -0.00012282, 0.0], [0.0, -0.0, 0.0, -0.0, 0.0001344243602175298, 0.0, -0.0, 0.0, 8.353e-05, 0.0, 0.0, 0.0, 0.0, 0.0, 0.0], [0.0, 0.0, 0.0, 0.0, 0.0, 0.03733920564527611, 0.0, -1e-08, 0.0, 0.0, 0.06453864, -1e-08, -2e-08, 2e-08, 0.0], [0.0, 0.00016472, 0.0, 0.0, -0.0, 0.0, 0.03733920564527611, -0.0, 0.0, 0.0, -1e-08, -0.06453863, -1e-08, -0.0, 1e-08], [0.0, 0.0, 0.00011297999999999999, -1.962e-05, 0.0, -1e-08, -0.0, 0.03733920564527611, 0.0, 0.0, 2e-08, -1e-08, 0.06453863, 0.0, -1e-08], [0.0, 0.0, 8.226e-05, 7.068e-05, 8.353e-05, 0.0, 0.0, 0.0, 0.03733920564527611, 0.0, -1e-08, -1e-08, -1e-08, 0.06453863, 1e-08], [0.0, -0.0, 0.0, 0.0, 0.0, 0.0, 0.0, 0.0, 0.0, 0.03733920564527611, -1e-08, 1e-08, 1e-08, -1e-08, 0.06453864], [0.0, 0.0, 0.0, 0.0, 0.0, 0.06453864, -1e-08, 2e-08, -1e-08, -1e-08, -0.03707035692484105, 0.0, 1e-08, 0.0, 0.0], [0.0, 3.683999999999999e-05, 0.0, 0.0, 0.0, -1e-08, -0.06453863, -1e-08, -1e-08, 1e-08, 0.0, -0.03707062915966776, -0.0, 0.0, 0.0], [0.0, 0.0, -5.0839999999999994e-05, -8.304e-05, 0.0, -2e-08, -1e-08, 0.06453863, -1e-08, 1e-08, 1e-08, -0.0, -0.03707062915966776, 0.0, 0.0], [0.0, 0.0, 0.0, -0.00012282, 0.0, 2e-08, -0.0, 0.0, 0.06453863, -1e-08, 0.0, 0.0, 0.0, -0.03707062915966776, -0.0], [0.0, 0.0, 0.0, 0.0, 0.0, 0.0, 1e-08, -1e-08, 1e-08, 0.06453864, 0.0, 0.0, 0.0, -0.0, -0.03707062915966776]], [[-2.72234826706881e-07, 3.4499999999999996e-06, -4e-08, -4.468999999999999e-05, 3.7e-07, -2.251000000000001e-05, 0.00017516999999999996, -4.582e-05, -3.745e-05, -5.086999999999999e-05, 1.05e-06, -0.00018893, 1.226e-05, 1.0029999999999999e-05, 1.3610000000000002e-05], [3.4499999999999996e-06, -5.442221672076648e-07, 1.2639999999999998e-05, 1.8099999999999998e-06, -2.121e-05, 3.98e-06, 1.4760000000000008e-05, 2.161e-05, 4.4569999999999995e-05, -2.982e-05, 2.684e-05, 2e-07, -5.77e-06, -1.1439999999999999e-05, 7.729999999999999e-06], [-4e-08, 1.2639999999999998e-05, -5.442221672076648e-07, -4.5699999999999994e-06, -2.028e-05, -3.5969999999999996e-05, 1.4389999999999998e-05, -1.5260000000000003e-05, 7.298e-05, -0.00010241, -7.14e-06, -6.0689999999999997e-05, 8e-08, -1.6649999999999998e-05, 3.123e-05], [-4.468999999999999e-05, 1.8099999999999998e-06, -4.5699999999999994e-06, -5.442221672076648e-07, -0.00010672, -0.00027696, -3.0509999999999994e-05, -2.256e-05, 7.520000000000006e-06, 4.22e-06, 6.027e-05, -0.00011113999999999998, 6.03e-06, 9.5e-07, -1.1199999999999999e-06], [3.7e-07, -2.121e-05, -2.028e-05, -0.00010672, 0.0, 0.00017088000000000002, -3.7029999999999996e-05, -0.00021923, 5.942e-05, -1.5249999999999998e-05, -4.839e-05, 0.00020543000000000002, 5.395e-05, -1.2879999999999999e-05, 7.999999999999999e-08], [-2.251000000000001e-05, 3.98e-06, -3.5969999999999996e-05, -0.00027696, 0.00017088000000000002, 0.06452475090794536, 2e-08, -3.0000000000000004e-08, 0.0, -2e-08, -0.03719779, 3e-08, -5e-08, -5e-08, 3.0000000000000004e-08], [0.00017516999999999996, 1.4760000000000008e-05, 1.4389999999999998e-05, -3.0509999999999994e-05, -3.7029999999999996e-05, 2e-08, 0.06452475090794536, 1e-08, 0.0, 1e-08, 8.999999999999999e-08, 0.037197789999999994, -0.0, 1.6e-07, -3e-08], [-4.582e-05, 2.161e-05, -1.5260000000000003e-05, -2.256e-05, -0.00021923, -3.0000000000000004e-08, 1e-08, 0.06452475090794536, 2e-08, 3.0000000000000004e-08, -8e-08, -5e-08, -0.037197799999999996, 0.0, -5e-08], [-3.745e-05, 4.4569999999999995e-05, 7.298e-05, 7.520000000000006e-06, 5.942e-05, 0.0, 0.0, 2e-08, 0.06452475090794536, -2e-08, 6e-08, 1.3999999999999998e-07, 5e-08, -0.03719779, -1e-08], [-5.086999999999999e-05, -2.982e-05, -0.00010241, 4.22e-06, -1.5249999999999998e-05, -2e-08, 1e-08, 3.0000000000000004e-08, -2e-08, 0.06452475090794536, -6.999999999999999e-08, -6.000000000000001e-08, 1.3e-07, -4e-08, -0.037197799999999996], [1.05e-06, 2.684e-05, -7.14e-06, 6.027e-05, -4.839e-05, -0.03719779, 8.999999999999999e-08, -8e-08, 6e-08, -6.999999999999999e-08, -0.06452556711745308, 2e-08, 3.0000000000000004e-08, -0.0, 2e-08], [-0.00018893, 2e-07, -6.0689999999999997e-05, -0.00011113999999999998, 0.00020543000000000002, 3e-08, 0.037197789999999994, -5e-08, 1.3999999999999998e-07, -6.000000000000001e-08, 2e-08, -0.06452556711745308, 1e-08, 0.0, 1e-08], [1.226e-05, -5.77e-06, 8e-08, 6.03e-06, 5.395e-05, -5e-08, -0.0, -0.037197799999999996, 5e-08, 1.3e-07, 3.0000000000000004e-08, 1e-08, -0.06452556711745308, -2e-08, -2e-08], [1.0029999999999999e-05, -1.1439999999999999e-05, -1.6649999999999998e-05, 9.5e-07, -1.2879999999999999e-05, -5e-08, 1.6e-07, 0.0, -0.03719779, -4e-08, -0.0, 0.0, -2e-08, -0.06452556711745308, 2e-08], [1.3610000000000002e-05, 7.729999999999999e-06, 3.123e-05, -1.1199999999999999e-06, 7.999999999999999e-08, 3.0000000000000004e-08, -3e-08, -5e-08, -1e-08, -0.037197799999999996, 2e-08, 1e-08, -2e-08, 2e-08, -0.06452556711745308]], [[0.0, -8.3e-07, -2.3399999999999996e-06, -0.00010256, 2.1999999999999998e-07, -0.00013858999999999999, 1.0589999999999999e-05, -7.860000000000001e-06, -5.596e-05, 0.00013507, -7.856000000000001e-05, -3.9999999999999994e-08, -6.499999999999999e-07, 8.27e-06, -5.199999999999999e-06], [-8.3e-07, 0.0, 4e-08, -9.698999999999999e-05, -1e-07, -3.617999999999998e-05, 0.00013131, -0.00013199999999999998, -8.906e-05, -1.185e-05, 5.6199999999999996e-06, -7.862e-05, 6.75e-06, 2.8599999999999997e-06, -6.399999999999999e-07], [-2.3399999999999996e-06, 4e-08, 0.0, -3.175e-05, -4.8299999999999995e-06, 2.6899999999999997e-05, 2.98e-06, -0.00014279999999999997, -3.123e-05, -8.135e-05, 1.9799999999999997e-06, -0.00021538999999999998, -7.822e-05, 2.8699999999999996e-06, -9.499999999999999e-07], [-0.00010256, -9.698999999999999e-05, -3.175e-05, 0.0, -1.6e-07, -1.35e-06, -2.53e-06, -5.799e-05, 0.00013979, -4.751e-05, -4.869999999999999e-06, -6.3200000000000005e-06, 3.07e-06, 7.839e-05, 3.2599999999999997e-06], [2.1999999999999998e-07, -1e-07, -4.8299999999999995e-06, -1.6e-07, 0.0, -3.1699999999999997e-06, -8.025e-05, 0.00022465999999999998, 4.785e-05, -0.00013971, 6e-08, -1.88e-06, -1.3239999999999999e-05, -5.8e-07, -7.853000000000001e-05], [-0.00013858999999999999, -3.617999999999998e-05, 2.6899999999999997e-05, -1.35e-06, -3.1699999999999997e-06, 0.0, -1.9999999999999997e-08, -6.999999999999999e-08, 2.2999999999999997e-07, -5.3e-07, -4.199999999999998e-07, 4.979999999999999e-06, -2.952e-05, -7.919999999999999e-06, -1.98e-05], [1.0589999999999999e-05, 0.00013131, 2.98e-06, -2.53e-06, -8.025e-05, -1.9999999999999997e-08, 0.0, 4.4999999999999993e-07, 1.1999999999999997e-06, 7.799999999999999e-07, 8.439999999999999e-06, 1.4700000000000003e-06, 1.857e-05, 2.41e-05, 8.759999999999999e-06], [-7.860000000000001e-06, -0.00013199999999999998, -0.00014279999999999997, -5.799e-05, 0.00022465999999999998, -6.999999999999999e-08, 4.4999999999999993e-07, 2.7198734050078385e-07, -9.699999999999998e-07, 6.2e-07, 3.216e-05, 2.4999999999999994e-06, 9.889999999999998e-06, -3.1179999999999996e-05, 8.959999999999999e-06], [-5.596e-05, -8.906e-05, -3.123e-05, 0.00013979, 4.785e-05, 2.2999999999999997e-07, 1.1999999999999997e-06, -9.699999999999998e-07, 5.442221672076648e-07, 3.1e-07, 1.936e-05, -1.026e-05, 1.24e-06, 7.169999999999999e-06, -2.3719999999999997e-05], [0.00013507, -1.185e-05, -8.135e-05, -4.751e-05, -0.00013971, -5.3e-07, 7.799999999999999e-07, 6.2e-07, 3.1e-07, 1.3604316749161136e-06, 6.189999999999999e-06, -1.604e-05, 1.4559999999999998e-05, 3.204999999999999e-05, 1.402e-05], [-7.856000000000001e-05, 5.6199999999999996e-06, 1.9799999999999997e-06, -4.869999999999999e-06, 6e-08, -4.199999999999998e-07, 8.439999999999999e-06, 3.216e-05, 1.936e-05, 6.189999999999999e-06, 0.0, 3.9999999999999994e-08, -2.0000000000000014e-08, -5.699999999999999e-07, 3.8999999999999997e-07], [-3.9999999999999994e-08, -7.862e-05, -0.00021538999999999998, -6.3200000000000005e-06, -1.88e-06, 4.979999999999999e-06, 1.4700000000000003e-06, 2.4999999999999994e-06, -1.026e-05, -1.604e-05, 3.9999999999999994e-08, 0.0, 3.7e-07, 7.599999999999999e-07, 7.4e-07], [-6.499999999999999e-07, 6.75e-06, -7.822e-05, 3.07e-06, -1.3239999999999999e-05, -2.952e-05, 1.857e-05, 9.889999999999998e-06, 1.24e-06, 1.4559999999999998e-05, -2.0000000000000014e-08, 3.7e-07, -2.7198734050078385e-07, 1.0999999999999998e-06, -7.499999999999999e-07], [8.27e-06, 2.8599999999999997e-06, 2.8699999999999996e-06, 7.839e-05, -5.8e-07, -7.919999999999999e-06, 2.41e-05, -3.1179999999999996e-05, 7.169999999999999e-06, 3.204999999999999e-05, -5.699999999999999e-07, 7.599999999999999e-07, 1.0999999999999998e-06, -5.442221672076648e-07, -3.7e-07], [-5.199999999999999e-06, -6.399999999999999e-07, -9.499999999999999e-07, 3.2599999999999997e-06, -7.853000000000001e-05, -1.98e-05, 8.759999999999999e-06, 8.959999999999999e-06, -2.3719999999999997e-05, 1.402e-05, 3.8999999999999997e-07, 7.4e-07, -7.499999999999999e-07, -3.7e-07, -1.0884443344153296e-06]], [[-0.00013496833489853136, 0.0, 0.0, 0.0, 0.0, 0.0, 0.0, 0.0, 0.0, 0.0, 0.0, 0.0, 0.0, 0.0, 0.0], [0.0, -0.00013496833489853136, 0.0, 0.0, 0.0, 0.0, 0.0, 0.0, 0.0, 0.0, 0.0, 0.0, 0.0, 0.0, 0.0], [0.0, 0.0, -0.00013496858238473745, 0.0, 0.0, 0.0, 0.0, 0.0, 0.0, 0.0, 0.0, 0.0, 0.0, 0.0, 0.0], [0.0, 0.0, 0.0, -0.00013496858238473745, 0.0, 0.0, 0.0, 0.0, 0.0, 0.0, 0.0, 0.0, 0.0, 0.0, 0.0], [0.0, 0.0, 0.0, 0.0, -0.00013496833489853136, 0.0, 0.0, 0.0, 0.0, 0.0, 0.0, 0.0, 0.0, 0.0, 0.0], [0.0, 0.0, 0.0, 0.0, 0.0, 0.06658873537960967, 0.0, -3.0000000000000004e-08, -1e-08, 1e-08, -0.03815897, -6e-08, -9.999999999999998e-08, -1e-07, 9.000000000000001e-08], [0.0, 0.0, 0.0, 0.0, 0.0, 0.0, 0.06658873537960967, -9.000000000000001e-08, -6.000000000000001e-08, 3e-08, -6.999999999999999e-08, 0.038158929999999994, -1.0000000000000007e-08, -8e-08, 5.999999999999998e-08], [0.0, 0.0, 0.0, 0.0, 0.0, -3.0000000000000004e-08, -9.000000000000001e-08, 0.06658873537960967, 8.999999999999999e-08, -3e-08, -1.0000000000000002e-08, 2.9999999999999993e-07, -0.03815901, 1.8000000000000002e-07, -6.999999999999999e-08], [0.0, 0.0, 0.0, 0.0, 0.0, -1e-08, -6.000000000000001e-08, 8.999999999999999e-08, 0.06658873537960967, 3.0000000000000004e-08, 6.999999999999999e-08, 1.3999999999999998e-07, 1.5999999999999998e-07, -0.03815896, 1.7999999999999997e-07], [0.0, 0.0, 0.0, 0.0, 0.0, 1e-08, 3e-08, -3e-08, 3.0000000000000004e-08, 0.06658873537960967, -6e-08, -3.9999999999999994e-08, -2.0000000000000014e-08, -8e-08, -0.03815896], [0.0, 0.0, 0.0, 0.0, 0.0, -0.03815897, -6.999999999999999e-08, -1.0000000000000002e-08, 6.999999999999999e-08, -6e-08, -0.0658031421429713, 0.0, 3.0000000000000004e-08, 1e-08, 0.0], [0.0, 0.0, 0.0, 0.0, 0.0, -6e-08, 0.038158929999999994, 2.9999999999999993e-07, 1.3999999999999998e-07, -3.9999999999999994e-08, 0.0, -0.0658031421429713, -9.000000000000001e-08, -6.999999999999999e-08, 3e-08], [0.0, 0.0, 0.0, 0.0, 0.0, -9.999999999999998e-08, -1.0000000000000007e-08, -0.03815901, 1.5999999999999998e-07, -2.0000000000000014e-08, 3.0000000000000004e-08, -9.000000000000001e-08, -0.0658031421429713, -8.999999999999999e-08, 3e-08], [0.0, 0.0, 0.0, 0.0, 0.0, -1e-07, -8e-08, 1.8000000000000002e-07, -0.03815896, -8e-08, 1e-08, -6.999999999999999e-08, -8.999999999999999e-08, -0.0658031421429713, -2e-08], [0.0, 0.0, 0.0, 0.0, 0.0, 9.000000000000001e-08, 5.999999999999998e-08, -6.999999999999999e-08, 1.7999999999999997e-07, -0.03815896, 0.0, 3e-08, 3e-08, -2e-08, -0.0658031421429713]], [[-4.571515701785604e-05, 0.0, 0.0, 0.0, 0.0, 0.0, 0.0, 0.0, 0.0, 0.0, 0.0, 0.0, 0.0, 0.0, 0.0], [0.0, -4.5987144358356824e-05, 0.0, 0.0, 0.0, 0.0, 0.0, 0.0, 0.0, 0.0, 0.0, 0.0, 0.0, 0.0, 0.0], [0.0, 0.0, -4.6259379185063704e-05, 0.0, 0.0, 0.0, 0.0, 0.0, 0.0, 0.0, 0.0, 0.0, 0.0, 0.0, 0.0], [0.0, 0.0, 0.0, -4.517093485064837e-05, 0.0, 0.0, 0.0, 0.0, 0.0, 0.0, 0.0, 0.0, 0.0, 0.0, 0.0], [0.0, 0.0, 0.0, 0.0, -4.571515701785604e-05, -0.0, -9.938999999999998e-05, 0.0, -0.0, 0.0, -0.0, -3.6469999999999995e-05, 0.0, -0.0, 0.0], [0.0, 0.0, 0.0, 0.0, -0.0, 0.03811690753674687, 0.0, 0.0, 0.0, 1e-08, 0.06620063, -0.0, 0.0, 0.0, -2e-08], [0.0, 0.0, 0.0, 0.0, -9.938999999999998e-05, 0.0, 0.03811690753674687, 0.0, 0.0, 0.0, -0.0, -0.06620063999999999, -0.0, 0.0, -0.0], [0.0, 0.0, 0.0, 0.0, 0.0, 0.0, 0.0, 0.03811690753674687, 0.0, -3e-08, -0.0, -0.0, 0.06620063999999999, -1e-08, 4e-08], [0.0, 0.0, 0.0, 0.0, -0.0, 0.0, 0.0, 0.0, 0.03811690753674687, 0.0, -0.0, 0.0, 0.0, 0.06620063999999999, -0.0], [0.0, 0.0, 0.0, 0.0, 0.0, 1e-08, 0.0, -3e-08, 0.0, 0.03811690753674687, 1e-08, 0.0, -1e-08, 0.0, 0.06620063], [0.0, 0.0, 0.0, 0.0, -0.0, 0.06620063, -0.0, -0.0, -0.0, 1e-08, -0.03820915406029029, -0.0, -0.0, 0.0, -1e-08], [0.0, 0.0, 0.0, 0.0, -3.6469999999999995e-05, -0.0, -0.06620063999999999, -0.0, 0.0, 0.0, -0.0, -0.03820915406029029, 0.0, 0.0, 0.0], [0.0, 0.0, 0.0, 0.0, 0.0, 0.0, -0.0, 0.06620063999999999, 0.0, -1e-08, -0.0, 0.0, -0.03820915406029029, -0.0, 3e-08], [0.0, 0.0, 0.0, 0.0, -0.0, 0.0, 0.0, -1e-08, 0.06620063999999999, 0.0, 0.0, 0.0, -0.0, -0.03820915406029029, 0.0], [0.0, 0.0, 0.0, 0.0, 0.0, -2e-08, -0.0, 4e-08, -0.0, 0.06620063, -1e-08, 0.0, 3e-08, 0.0, -0.03820915406029029]], [[0.012184718794439579, 0.0, 0.0, 0.0, 0.0, 0.0, 0.0, 0.0, 0.0, 0.0, 0.0, 0.0, 0.0, 0.0, 0.0], [0.0, 0.012184718794439579, 0.0, 0.0, 0.0, 0.0, 0.0, 0.0, 0.0, 0.0, 0.0, 0.0, 0.0, 0.0, 0.0], [0.0, 0.0, 0.012184718794439579, 0.0, 0.0, 0.0, 0.0, 0.0, 0.0, 0.0, 0.0, 0.0, 0.0, 0.0, 0.0], [0.0, 0.0, 0.0, 0.012184718794439579, 0.0, 0.0, -4.1509999999999994e-05, 0.0, 1e-08, -1e-08, 0.0, 2.01e-06, 0.0, 0.0, 0.0], [0.0, 0.0, 0.0, 0.0, 0.012184718794439579, 0.0, 0.0, 0.0, 0.0, 0.0, 0.0, 0.0, 0.0, 0.0, 0.0], [0.0, 0.0, 0.0, 0.0, 0.0, -0.03622598744665804, 2e-08, 1.9999999999999997e-08, -2e-08, -9.999999999999999e-09, -0.00041127, -1.7e-07, 2e-07, -2.7e-07, -1.2e-07], [0.0, 0.0, 0.0, -4.1509999999999994e-05, 0.0, 2e-08, -0.03622598744665804, -1e-08, -1e-08, -6.000000000000001e-08, -1.2e-07, 0.00041127, -2.5e-07, -1.2e-07, 4e-08], [0.0, 0.0, 0.0, 0.0, 0.0, 1.9999999999999997e-08, -1e-08, -0.03622598744665804, 4e-08, 6.999999999999999e-08, -1.3e-07, -2.3e-07, -0.00041128000000000003, 1.7e-07, -3e-08], [0.0, 0.0, 0.0, 1e-08, 0.0, -2e-08, -1e-08, 4e-08, -0.03622598744665804, -2e-08, 1.8000000000000002e-07, -1e-07, -5.999999999999998e-08, -0.00041128000000000003, 3.9999999999999994e-08], [0.0, 0.0, 0.0, -1e-08, 0.0, -9.999999999999999e-09, -6.000000000000001e-08, 6.999999999999999e-08, -2e-08, -0.03622598744665804, 1e-07, 2.5e-07, 2.4000000000000003e-07, -5e-08, -0.00041127], [0.0, 0.0, 0.0, 0.0, 0.0, -0.00041127, -1.2e-07, -1.3e-07, 1.8000000000000002e-07, 1e-07, -0.037650231707412864, 2e-08, -1.9999999999999997e-08, 9.999999999999999e-09, 9.999999999999999e-09], [0.0, 0.0, 0.0, 2.01e-06, 0.0, -1.7e-07, 0.00041127, -2.3e-07, -1e-07, 2.5e-07, 2e-08, -0.037650231707412864, 1e-08, -1e-08, -6.000000000000001e-08], [0.0, 0.0, 0.0, 0.0, 0.0, 2e-07, -2.5e-07, -0.00041128000000000003, -5.999999999999998e-08, 2.4000000000000003e-07, -1.9999999999999997e-08, 1e-08, -0.037650231707412864, -4e-08, -6.000000000000001e-08], [0.0, 0.0, 0.0, 0.0, 0.0, -2.7e-07, -1.2e-07, 1.7e-07, -0.00041128000000000003, -5e-08, 9.999999999999999e-09, -1e-08, -4e-08, -0.037650231707412864, 0.0], [0.0, 0.0, 0.0, 0.0, 0.0, -1.2e-07, 4e-08, -3e-08, 3.9999999999999994e-08, -0.00041127, 9.999999999999999e-09, -6.000000000000001e-08, -6.000000000000001e-08, 0.0, -0.037650231707412864]]], "quadratic couplings": [[[[0.0019724971372195813, 0.0, 0.0, 0.0, 0.0, 0.0, 0.0, 0.0, 0.0, 0.0, 0.0, 0.0, 0.0, 0.0, 0.0], [0.0, 0.001983381580563732, 0.0, 0.0, 0.0, 0.0, 0.0, 0.0, 0.0, 0.0, 0.0, 0.0, 0.0, 0.0, 0.0], [0.0, 0.0, 0.0019670524406854434, 0.0, 0.0, 0.0, 0.0, 0.0, 0.0, 0.0, 0.0, 0.0, 0.0, 0.0, 0.0], [0.0, 0.0, 0.0, 0.001983381580563732, 0.0, 0.0, 0.0006989999999999999, 0.0012134999999999997, -0.0012760999999999998, 0.0, 0.0, 1.7399999999999996e-05, 0.0006955999999999999, -0.0007431999999999999, -0.0], [0.0, 0.0, 0.0, 0.0, 0.0019724971372195813, 0.0, 0.0, -0.0013404999999999997, 0.0012496999999999999, 0.0, 0.0, 0.0, -0.0007683999999999998, 0.0007163999999999998, 0.0], [0.0, 0.0, 0.0, 0.0, 0.0, 0.0089984770868703, -5.419999999999998e-05, 5.419999999999998e-05, 6.179999999999998e-05, -0.00015489999999999997, -0.005061000000000035, 0.00018019999999999996, -0.00020619999999999994, -2.1999999999999996e-05, -0.00015669999999999996], [0.0, 0.0, 0.0, 0.0006989999999999999, 0.0, -5.419999999999998e-05, 0.008993037340060284, -0.00010379999999999999, -0.00011519999999999997, -6.979999999999999e-05, 8.459999999999998e-05, 0.00506430000000005, 0.00011239999999999997, -0.00022989999999999995, -2.0699999999999995e-05], [0.0, 0.0, 0.0, 0.0012134999999999997, -0.0013404999999999997, 5.419999999999998e-05, -0.00010379999999999999, 0.008938610173615396, -0.0004367999999999999, 4.129999999999999e-05, 0.00030159999999999996, 0.0002957999999999999, -0.00511430000000005, 0.00015939999999999997, 0.00013709999999999997], [0.0, 0.0, 0.0, -0.0012760999999999998, 0.0012496999999999999, 6.179999999999998e-05, -0.00011519999999999997, -0.0004367999999999999, 0.008791672663331387, 0.00020559999999999996, 0.0001312, -2.7199999999999994e-05, 0.00011579999999999997, -0.005243199999999997, -4.1299999999999994e-05], [0.0, 0.0, 0.0, 0.0, 0.0, -0.00015489999999999997, -6.979999999999999e-05, 4.129999999999999e-05, 0.00020559999999999996, 0.008895072400238783, -0.00011639999999999998, 0.00010259999999999999, -6.39e-05, 0.0004040999999999999, -0.005150199999999979], [0.0, 0.0, 0.0, 0.0, 0.0, -0.005061000000000035, 8.459999999999998e-05, 0.00030159999999999996, 0.0001312, -0.00011639999999999998, -0.008854920435324806, -5.3799999999999986e-05, -5.419999999999998e-05, -6.179999999999998e-05, 0.00015489999999999997], [0.0, 0.0, 0.0, 1.7399999999999996e-05, 0.0, 0.00018019999999999996, 0.00506430000000005, 0.0002957999999999999, -2.7199999999999994e-05, 0.00010259999999999999, -5.3799999999999986e-05, -0.008854920435324806, -0.00010399999999999998, -0.00011499999999999998, -6.979999999999999e-05], [0.0, 0.0, 0.0, 0.0006955999999999999, -0.0007683999999999998, -0.00020619999999999994, 0.00011239999999999997, -0.00511430000000005, 0.00011579999999999997, -6.39e-05, -5.419999999999998e-05, -0.00010399999999999998, -0.008795058471794024, -0.0007486, -4.149999999999999e-05], [0.0, 0.0, 0.0, -0.0007431999999999999, 0.0007163999999999998, -2.1999999999999996e-05, -0.00022989999999999995, 0.00015939999999999997, -0.005243199999999997, 0.0004040999999999999, -6.179999999999998e-05, -0.00011499999999999998, -0.0007486, -0.008653555758595909, -0.00020559999999999996], [0.0, 0.0, 0.0, -0.0, 0.0, -0.00015669999999999996, -2.0699999999999995e-05, 0.00013709999999999997, -4.1299999999999994e-05, -0.005150199999999979, 0.00015489999999999997, -6.979999999999999e-05, -4.149999999999999e-05, -0.00020559999999999996, -0.008754238096960357]], [[0.004835467165174412, -5.029999999999999e-05, -1.4200000000000005e-05, 1.7399999999999993e-05, 0.0005714, 9.899999999999997e-06, 0.0005468999999999999, 0.0006784999999999998, -0.0004652999999999998, -0.0012204, -1.8099999999999996e-05, 0.0037513999999999994, 0.0017828999999999994, 0.0005369999999999999, 0.0013371999999999998], [-5.029999999999999e-05, 0.004843629260251496, 0.0010146999999999999, 0.0007102999999999999, -0.0016882999999999998, -0.0022314999999999995, -1.3999999999999998e-05, -0.00015499999999999997, 0.0004106999999999999, 0.0007310999999999998, 0.0014668999999999993, 9e-07, 9.379999999999999e-05, -6.859999999999999e-05, 0.0010176999999999999], [-1.4200000000000005e-05, 0.0010146999999999999, 0.00483818703857942, 0.0, 0.0015967, 0.00014590000000000005, -0.0003368999999999999, 6.699999999999999e-06, -9.999999999999998e-08, 4.1e-06, 0.0009712999999999998, 0.0005782, 1.3799999999999997e-05, 9.999999999999998e-08, 3.999999999999999e-06], [1.7399999999999993e-05, 0.0007102999999999999, 0.0, 0.00483818703857942, 0.0, -0.00025569999999999987, 0.0011485999999999998, -0.00010409999999999998, 8.999999999999986e-07, 2.2999999999999996e-06, 0.0016567999999999997, -0.0013515999999999997, -0.0005309999999999999, -7.399999999999999e-06, -0.00027570000000000003], [0.0005714, -0.0016882999999999998, 0.0015967, 0.0, 0.004835467165174412, -0.0017474999999999997, 0.0012059999999999998, -0.001156, 0.0006668999999999999, -1.0000000000000022e-07, 0.0015145999999999998, -0.0005559999999999999, 0.0029378999999999994, -0.0008218999999999999, 1.5899999999999997e-05], [9.899999999999997e-06, -0.0022314999999999995, 0.00014590000000000005, -0.00025569999999999987, -0.0017474999999999997, 0.009948485160762672, -0.00012259999999999994, 0.0, 3.4999999999999995e-06, 3.5999999999999994e-05, 0.00886820000000005, 3.7999999999999996e-06, -9.999999999999998e-08, -6.999999999999999e-07, 2.9999999999999992e-06], [0.0005468999999999999, -1.3999999999999998e-05, -0.0003368999999999999, 0.0011485999999999998, 0.0012059999999999998, -0.00012259999999999994, 0.009945762812495604, -0.00010699999999999997, 4.949999999999999e-05, 0.0, 6.899999999999999e-06, -0.00887279999999997, -7.779999999999998e-05, 0.00018109999999999996, 0.0], [0.0006784999999999998, -0.00015499999999999997, 6.699999999999999e-06, -0.00010409999999999998, -0.001156, 0.0, -0.00010699999999999997, 0.00992127652726435, -0.0008462999999999998, -6.559999999999998e-05, -9.999999999999998e-08, -9.999999999999998e-08, 0.00888539999999993, -4.9999999999999996e-06, -5.599999999999999e-05], [-0.0004652999999999998, 0.0004106999999999999, -9.999999999999998e-08, 8.999999999999986e-07, 0.0006668999999999999, 3.4999999999999995e-06, 4.949999999999999e-05, -0.0008462999999999998, 0.009948487635624732, 0.00017379999999999997, 1.9999999999999995e-06, -2.3999999999999995e-06, -1.3299999999999996e-05, 0.00887190000000001, 9.999999999999998e-08], [-0.0012204, 0.0007310999999999998, 4.1e-06, 2.2999999999999996e-06, -1.0000000000000022e-07, 3.5999999999999994e-05, 0.0, -6.559999999999998e-05, 0.00017379999999999997, 0.009943045413952656, 2.4999999999999998e-06, 9.999999999999998e-08, -5.0099999999999984e-05, 2.2599999999999997e-05, 0.008872400000000008], [-1.8099999999999996e-05, 0.0014668999999999993, 0.0009712999999999998, 0.0016567999999999997, 0.0015145999999999998, 0.00886820000000005, 6.899999999999999e-06, -9.999999999999998e-08, 1.9999999999999995e-06, 2.4999999999999998e-06, -0.0002829980018100466, 0.00012969999999999998, 0.0, 1.5999999999999997e-06, 4.149999999999999e-05], [0.0037513999999999994, 9e-07, 0.0005782, -0.0013515999999999997, -0.0005559999999999999, 3.7999999999999996e-06, -0.00887279999999997, -9.999999999999998e-08, -2.3999999999999995e-06, 9.999999999999998e-08, 0.00012969999999999998, -0.0002802756535429778, -0.0004767999999999999, 0.0013614999999999999, 0.0], [0.0017828999999999994, 9.379999999999999e-05, 1.3799999999999997e-05, -0.0005309999999999999, 0.0029378999999999994, -9.999999999999998e-08, -7.779999999999998e-05, 0.00888539999999993, -1.3299999999999996e-05, -5.0099999999999984e-05, 0.0, -0.0004767999999999999, -0.0002585067668546712, -0.0008598999999999998, 0.00017179999999999997], [0.0005369999999999999, -6.859999999999999e-05, 9.999999999999998e-08, -7.399999999999999e-06, -0.0008218999999999999, -6.999999999999999e-07, 0.00018109999999999996, -4.9999999999999996e-06, 0.00887190000000001, 2.2599999999999997e-05, 1.5999999999999997e-06, 0.0013614999999999999, -0.0008598999999999998, -0.000277553305275909, -9.999999999999998e-08], [0.0013371999999999998, 0.0010176999999999999, 3.999999999999999e-06, -0.00027570000000000003, 1.5899999999999997e-05, 2.9999999999999992e-06, 0.0, -5.599999999999999e-05, 9.999999999999998e-08, 0.008872400000000008, 4.149999999999999e-05, 0.0, 0.00017179999999999997, -9.999999999999998e-08, -0.00027483343187090117]], [[0.002465351166071331, 0.0013087999999999997, -0.00031739999999999996, -0.0017473999999999996, -0.0011588, -0.003558699999999999, -0.00022559999999999995, 4.809999999999998e-05, 0.0004876999999999998, 0.0001525, 0.0009311999999999999, 6.95e-05, -0.00012569999999999997, -0.00015439999999999996, 0.00023469999999999993], [0.0013087999999999997, 0.0024816778310875606, -0.0006601999999999999, -0.0007856999999999997, -0.0024761999999999996, 0.0002848, 0.0037702999999999994, -0.00019199999999999995, 0.0006138, -4.459999999999999e-05, -0.0003469999999999999, 0.0010665999999999998, 9.829999999999995e-05, -0.00016489999999999997, -0.0002620999999999999], [-0.00031739999999999996, -0.0006601999999999999, 0.0024571890709942468, 0.00014259999999999983, 0.00012309999999999988, -0.00014019999999999997, -0.0006356999999999999, -0.0035915999999999995, -9.1e-05, 0.00041319999999999996, 0.00038319999999999994, -0.00016619999999999995, 0.0009652999999999999, -0.00025039999999999996, 0.00019569999999999996], [-0.0017473999999999996, -0.0007856999999999997, 0.00014259999999999983, 0.002492564749293775, 0.0009359999999999999, 0.0001846, -0.00027039999999999996, 3.759999999999999e-05, 0.0035074999999999993, -7.139999999999997e-05, 0.00011639999999999998, -0.00026309999999999994, -0.00013249999999999997, -0.0009750999999999997, -0.00023339999999999995], [-0.0011588, -0.0024761999999999996, 0.00012309999999999988, 0.0009359999999999999, 0.0024680735143384, 7.100000000000002e-06, -0.0003937999999999999, -0.00014859999999999995, -7.719999999999997e-05, -0.003553899999999999, -0.0003148999999999999, -0.00016319999999999996, -8.999999999999999e-05, -0.0001322, 0.0009049999999999998], [-0.003558699999999999, 0.0002848, -0.00014019999999999997, 0.0001846, 7.100000000000002e-06, 0.002468075989200461, 0.0, -9.999999999999998e-08, 0.0, -4.2999999999999995e-06, 6.999999999784955e-07, 0.0, 0.0, 9.999999999999998e-08, 1.1999999999999997e-06], [-0.00022559999999999995, 0.0037702999999999994, -0.0006356999999999999, -0.00027039999999999996, -0.0003937999999999999, 0.0, 0.002470793387743408, 0.0, -9.999999999999998e-08, 5.399999999999999e-06, 9.999999999999998e-08, -9.000000000466966e-07, -9.999999999999998e-08, -9.999999999999998e-08, -1.5999999999999995e-06], [4.809999999999998e-05, -0.00019199999999999995, -0.0035915999999999995, 3.759999999999999e-05, -0.00014859999999999995, -9.999999999999998e-08, 0.0, 0.0024789604325446144, -9.999999999999998e-08, 0.0, 9.999999999999998e-08, 0.0, 6.999999999784955e-07, 3e-07, 0.0], [0.0004876999999999998, 0.0006138, -9.1e-05, 0.0035074999999999993, -7.719999999999997e-05, 0.0, -9.999999999999998e-08, -9.999999999999998e-08, 0.0024762380842775454, 0.0, 0.0, 9.999999999999998e-08, -1.9999999999999996e-07, -1.800000000006657e-06, -9.999999999999998e-08], [0.0001525, -4.459999999999999e-05, 0.00041319999999999996, -7.139999999999997e-05, -0.003553899999999999, -4.2999999999999995e-06, 5.399999999999999e-06, 0.0, 0.0, 0.0024735157360104764, 1.1999999999999997e-06, 1.3999999999999997e-06, 0.0, 0.0, 2.7000000000533537e-06], [0.0009311999999999999, -0.0003469999999999999, 0.00038319999999999994, 0.00011639999999999998, -0.0003148999999999999, 6.999999999784955e-07, 9.999999999999998e-08, 9.999999999999998e-08, 0.0, 1.1999999999999997e-06, 0.0024735157360104764, 0.0, 9.999999999999998e-08, 0.0, -2.9999999999999993e-07], [6.95e-05, 0.0010665999999999998, -0.00016619999999999995, -0.00026309999999999994, -0.00016319999999999996, 0.0, -9.000000000466966e-07, 0.0, 9.999999999999998e-08, 1.3999999999999997e-06, 0.0, 0.002470793387743408, 0.0, 0.0, -4.999999999999999e-07], [-0.00012569999999999997, 9.829999999999995e-05, 0.0009652999999999999, -0.00013249999999999997, -8.999999999999999e-05, 0.0, -9.999999999999998e-08, 6.999999999784955e-07, -1.9999999999999996e-07, 0.0, 9.999999999999998e-08, 0.0, 0.0024762380842775454, 9.999999999999998e-08, 0.0], [-0.00015439999999999996, -0.00016489999999999997, -0.00025039999999999996, -0.0009750999999999997, -0.0001322, 9.999999999999998e-08, -9.999999999999998e-08, 3e-07, -1.800000000006657e-06, 0.0, 0.0, 0.0, 9.999999999999998e-08, 0.0024762356094154845, 0.0], [0.00023469999999999993, -0.0002620999999999999, 0.00019569999999999996, -0.00023339999999999995, 0.0009049999999999998, 1.1999999999999997e-06, -1.5999999999999995e-06, 0.0, -9.999999999999998e-08, 2.7000000000533537e-06, -2.9999999999999993e-07, -4.999999999999999e-07, 0.0, 0.0, 0.002470793387743408]], [[0.0034395212196833553, 0.0, 0.0, 0.0, 0.0, 0.0, 0.0, 0.0, 0.0, 0.0, 0.0, 0.0, 0.0, 0.0, 0.0], [0.0, 0.0034340789980112792, 0.0, 0.0, 0.0, 0.0, 0.00015899999999999996, -0.0012871999999999996, -0.0014544999999999998, 0.0, 0.0, -0.0005148999999999999, -0.00028989999999999995, -0.00031179999999999994, 0.0], [0.0, 0.0, 0.0034395212196833553, 0.0, 0.0, 0.0, -0.00048729999999999986, 0.0, 0.0, 0.0, 0.0, -0.0011277, 0.0, 0.0, 0.0], [0.0, 0.0, 0.0, 0.003439518744821295, 0.0, 2.3999999999999994e-05, 0.0011481999999999998, 0.0, 0.0, 0.0, -0.0012136999999999996, 0.0008711999999999999, 0.0, 0.0, 0.0], [0.0, 0.0, 0.0, 0.0, 0.0034449634413554323, -0.00019709999999999994, -0.0007981999999999999, 0.0, -9.389999999999998e-05, 0.0, -1.7999999999999995e-06, 0.0, 0.0, 0.0, 0.0], [0.0, 0.0, 0.0, 2.3999999999999994e-05, -0.00019709999999999994, 0.0014449259405397462, -0.0005988, -0.0006778999999999999, 6.979999999999999e-05, -9.149999999999999e-05, -0.003456199999999926, 0.0, 0.0, 0.0, 0.0], [0.0, 0.00015899999999999996, -0.00048729999999999986, 0.0011481999999999998, -0.0007981999999999999, -0.0005988, 0.0014449259405397462, -0.0003542999999999999, -0.00032139999999999995, 0.0008539999999999998, 0.0, 0.003456199999999926, 0.0, 0.0, 0.0], [0.0, -0.0012871999999999996, 0.0, 0.0, 0.0, -0.0006778999999999999, -0.0003542999999999999, 0.0014449259405397462, 0.0006326999999999998, 0.0010999999999999998, 0.0, 0.0, -0.0034563999999999073, 0.0, 0.0], [0.0, -0.0014544999999999998, 0.0, 0.0, -9.389999999999998e-05, 6.979999999999999e-05, -0.00032139999999999995, 0.0006326999999999998, 0.0014449259405397462, -5.5599999999999996e-05, 0.0, 0.0, 0.0, -0.00345629999999996, 0.0], [0.0, 0.0, 0.0, 0.0, 0.0, -9.149999999999999e-05, 0.0008539999999999998, 0.0010999999999999998, -5.5599999999999996e-05, 0.0014449259405397462, 0.0, 0.0, 0.0, 0.0, -0.0034560999999998917], [0.0, 0.0, 0.0, -0.0012136999999999996, -1.7999999999999995e-06, -0.003456199999999926, 0.0, 0.0, 0.0, 0.0, 0.005436838847094034, 0.0005987, -0.0006778999999999999, 6.979999999999999e-05, -9.149999999999999e-05], [0.0, -0.0005148999999999999, -0.0011277, 0.0008711999999999999, 0.0, 0.0, 0.003456199999999926, 0.0, 0.0, 0.0, 0.0005987, 0.005434116498826965, 0.0003542999999999999, 0.0003227, -0.0008539999999999998], [0.0, -0.00028989999999999995, 0.0, 0.0, 0.0, 0.0, 0.0, -0.0034563999999999073, 0.0, 0.0, -0.0006778999999999999, 0.0003542999999999999, 0.005436838847094034, 0.0006326999999999998, 0.0011001], [0.0, -0.00031179999999999994, 0.0, 0.0, 0.0, 0.0, 0.0, 0.0, -0.00345629999999996, 0.0, 6.979999999999999e-05, 0.0003227, 0.0006326999999999998, 0.005434116498826965, -5.5599999999999996e-05], [0.0, 0.0, 0.0, 0.0, 0.0, 0.0, 0.0, 0.0, 0.0, -0.0034560999999998917, -9.149999999999999e-05, -0.0008539999999999998, 0.0011001, -5.5599999999999996e-05, 0.005436838847094034]], [[0.0029170654643019367, 0.0, 0.0, 0.0, 0.0, 0.0, 0.0, 0.0, 0.0, 0.0, 0.0, 0.0, 0.0, 0.0, 0.0], [0.0, 0.0029197828628448838, 0.0, 0.0, 0.0, 0.0, 0.0, 0.0, 0.0, 0.0, 0.0, 0.0, 0.0, 0.0, 0.0], [0.0, 0.0, 0.0029170629894398757, 0.0, 0.0, 0.0, 0.0, 0.0, 0.0, 0.0, 0.0, 0.0, 0.0, 0.0, 0.0], [0.0, 0.0, 0.0, 0.0029225052111119523, 0.0, 0.0, 0.0, 0.0, 0.0, 0.0, 0.0, 0.0, 0.0, 0.0, 0.0], [0.0, 0.0, 0.0, 0.0, 0.0029143431160348677, 0.0, 0.0, 0.0, 0.0, 0.0, 0.0, 0.0, 0.0, 0.0, 0.0], [0.0, 0.0, 0.0, 0.0, 0.0, 0.004302122016724718, 0.0, 0.0, 0.0, 0.0, 0.002018499999999895, 9.999999999999998e-08, 0.0, 0.0, 0.0], [0.0, 0.0, 0.0, 0.0, 0.0, 0.0, 0.004302122016724718, 0.0, 0.0, 0.0, 9.999999999999998e-08, -0.002018499999999895, 0.0, 0.0, 0.0], [0.0, 0.0, 0.0, 0.0, 0.0, 0.0, 0.0, 0.004302122016724718, 0.0, 0.0, 0.0, 0.0, 0.002018499999999895, 9.999999999999998e-08, 0.0], [0.0, 0.0, 0.0, 0.0, 0.0, 0.0, 0.0, 0.0, 0.004302122016724718, 0.0, -9.999999999999998e-08, 0.0, -9.999999999999998e-08, 0.002018499999999895, -9.999999999999998e-08], [0.0, 0.0, 0.0, 0.0, 0.0, 0.0, 0.0, 0.0, 0.0, 0.004302122016724718, 0.0, 0.0, 0.0, 0.0, 0.002018499999999895], [0.0, 0.0, 0.0, 0.0, 0.0, 0.002018499999999895, 9.999999999999998e-08, 0.0, -9.999999999999998e-08, 0.0, 0.01131177777622127, 0.0, 0.0, 0.0, 0.0], [0.0, 0.0, 0.0, 0.0, 0.0, 9.999999999999998e-08, -0.002018499999999895, 0.0, 0.0, 0.0, 0.0, 0.01131177777622127, 0.0, 0.0, 0.0], [0.0, 0.0, 0.0, 0.0, 0.0, 0.0, 0.0, 0.002018499999999895, -9.999999999999998e-08, 0.0, 0.0, 0.0, 0.01131177777622127, 0.0, 0.0], [0.0, 0.0, 0.0, 0.0, 0.0, 0.0, 0.0, 9.999999999999998e-08, 0.002018499999999895, 0.0, 0.0, 0.0, 0.0, 0.01131177777622127, 0.0], [0.0, 0.0, 0.0, 0.0, 0.0, 0.0, 0.0, 0.0, -9.999999999999998e-08, 0.002018499999999895, 0.0, 0.0, 0.0, 0.0, 0.01131177777622127]], [[-0.0011646478121347073, 0.0, 0.0, 0.0, 0.0, 0.0, 0.0, 0.0, 0.0, 0.0, 0.0, 0.0, 0.0, 0.0, 0.0], [0.0, -0.0011728123820738529, 0.0, 0.0, 0.0, 0.0, 0.0, 0.0003975999999999999, 0.0, 0.0, 0.0, 0.0, 0.0010886, 0.0, 0.0], [0.0, 0.0, -0.0011564832421955618, 0.0, 0.0, 0.0, 0.0005010999999999999, 0.0010308, 0.0, 0.0, 0.0, -0.0020329999999999997, -0.0004645999999999999, 0.0, 0.0], [0.0, 0.0, 0.0, -0.0011592055904626308, 0.0, 0.0, 0.0, 0.0, 0.0, 0.0, 0.0, 0.0, 0.0, 0.0, 0.0], [0.0, 0.0, 0.0, 0.0, -0.0011646502869967683, 0.0, 0.0017816999999999996, 0.0, 0.0, 0.0, 0.0008483999999999999, -0.0018329999999999998, 0.0, 0.0, 0.0], [0.0, 0.0, 0.0, 0.0, 0.0, -0.0035483656531248887, 0.00038309999999999993, 0.0, -0.0005176999999999998, 0.0, -0.004135100000000109, -9.999999999999998e-08, 0.0, 0.0, 0.0], [0.0, 0.0, 0.0005010999999999999, 0.0, 0.0017816999999999996, 0.00038309999999999993, -0.003545645779719881, 0.0, 0.0, 0.0005786999999999999, 0.0, 0.004135100000000109, 0.0, 0.0, 0.0], [0.0, 0.0003975999999999999, 0.0010308, 0.0, 0.0, 0.0, 0.0, -0.003545645779719881, 0.0, -9.999999999999998e-08, 0.0, 0.0, -0.0041352000000001434, 0.0, 9.999999999999998e-08], [0.0, 0.0, 0.0, 0.0, 0.0, -0.0005176999999999998, 0.0, 0.0, -0.003545645779719881, 0.0, 0.0, 0.0, 0.0, -0.004135100000000109, 0.0], [0.0, 0.0, 0.0, 0.0, 0.0, 0.0, 0.0005786999999999999, -9.999999999999998e-08, 0.0, -0.003545645779719881, 0.0, 0.0, -9.999999999999998e-08, 0.0, -0.004135000000000075], [0.0, 0.0, 0.0, 0.0, 0.0008483999999999999, -0.004135100000000109, 0.0, 0.0, 0.0, 0.0, 0.0012190725037175348, -0.00038309999999999993, 0.0, -0.0005176999999999998, 0.0], [0.0, 0.0, -0.0020329999999999997, 0.0, -0.0018329999999999998, -9.999999999999998e-08, 0.004135100000000109, 0.0, 0.0, 0.0, -0.00038309999999999993, 0.0012190725037175348, 0.0, 0.0, -0.0005786999999999999], [0.0, 0.0010886, -0.0004645999999999999, 0.0, 0.0, 0.0, 0.0, -0.0041352000000001434, 0.0, -9.999999999999998e-08, 0.0, 0.0, 0.0012190725037175348, 0.0, 9.999999999999998e-08], [0.0, 0.0, 0.0, 0.0, 0.0, 0.0, 0.0, 0.0, -0.004135100000000109, 0.0, -0.0005176999999999998, 0.0, 0.0, 0.0012190725037175348, 0.0], [0.0, 0.0, 0.0, 0.0, 0.0, 0.0, 0.0, 9.999999999999998e-08, 0.0, -0.004135000000000075, 0.0, -0.0005786999999999999, 9.999999999999998e-08, 0.0, 0.0012190725037175348]]], [[[0.004835467165174412, -5.029999999999999e-05, -1.4200000000000005e-05, 1.7399999999999993e-05, 0.0005714, 9.899999999999997e-06, 0.0005468999999999999, 0.0006784999999999998, -0.0004652999999999998, -0.0012204, -1.8099999999999996e-05, 0.0037513999999999994, 0.0017828999999999994, 0.0005369999999999999, 0.0013371999999999998], [-5.029999999999999e-05, 0.004843629260251496, 0.0010146999999999999, 0.0007102999999999999, -0.0016882999999999998, -0.0022314999999999995, -1.3999999999999998e-05, -0.00015499999999999997, 0.0004106999999999999, 0.0007310999999999998, 0.0014668999999999993, 9e-07, 9.379999999999999e-05, -6.859999999999999e-05, 0.0010176999999999999], [-1.4200000000000005e-05, 0.0010146999999999999, 0.00483818703857942, 0.0, 0.0015967, 0.00014590000000000005, -0.0003368999999999999, 6.699999999999999e-06, -9.999999999999998e-08, 4.1e-06, 0.0009712999999999998, 0.0005782, 1.3799999999999997e-05, 9.999999999999998e-08, 3.999999999999999e-06], [1.7399999999999993e-05, 0.0007102999999999999, 0.0, 0.00483818703857942, 0.0, -0.00025569999999999987, 0.0011485999999999998, -0.00010409999999999998, 8.99999999999