{
    "number of modes": 6,
    "number of surfaces": 6,
    "energies":
    [
        [
            9.934584926,
            0.0,
            0.0,
            0.0,
            0.0,
            0.0
        ],
        [
            0.0,
            13.68361688,
            0.0,
            0.0,
            0.0,
            0.0
        ],
        [
            0.0,
            0.0,
            15.175005148,
            0.0,
            0.0,
            0.0
        ],
        [
            0.0,
            0.0,
            0.0,
            15.451269658,
            0.0,
            0.0
        ],
        [
            0.0,
            0.0,
            0.0,
            0.0,
            16.057997697,
            0.0
        ],
        [
            0.0,
            0.0,
            0.0,
            0.0,
            0.0,
            0.0
        ]
    ],
    "frequencies":
    [
        0.148604866,
        0.158037341,
        0.191819684,
        0.2210792,
        0.367669375,
        0.376209186
    ],
    "electronic transition dipole moments":
    [
        [
            "(0.968373+0j)",
            "(1.055422+0j)",
            "(1.388851+0j)",
            "(0.883487+0j)",
            "(0.559489+0j)",
            "0j"
        ]
    ],
    "magnetic transition dipole moments":
    [
        [
            "(0.968373+0j)",
            "(1.055422+0j)",
            "(1.388851+0j)",
            "(0.883487+0j)",
            "(0.559489+0j)",
            "0j"
        ]
    ],
    "linear couplings":
    [
        [
            [
                0.0,
                1.5E-7,
                -2E-8,
                0.00001155,
                0.0,
                0.0
            ],
            [
                1.5E-7,
                0.0,
                -0.1651351,
                0.0,
                0.00000114,
                0.0
            ],
            [
                -2E-8,
                -0.1651351,
                0.0,
                0.01315246,
                -0.00000306,
                0.0
            ],
            [
                0.00001155,
                0.0,
                0.01315246,
                0.0,
                -0.00000284,
                0.0
            ],
            [
                0.0,
                0.00000114,
                -0.00000306,
                -0.00000284,
                0.0,
                0.0
            ],
            [
                0.0,
                0.0,
                0.0,
                0.0,
                0.0,
                0.0
            ]
        ],
        [
            [
                0.0,
                0.0,
                0.31321861,
                0.0,
                3E-8,
                0.0
            ],
            [
                0.0,
                0.0,
                0.0,
                1E-8,
                0.0,
                0.0
            ],
            [
                0.31321861,
                0.0,
                0.0,
                0.0,
                -0.1122726,
                0.0
            ],
            [
                0.0,
                1E-8,
                0.0,
                0.0,
                0.0,
                0.0
            ],
            [
                3E-8,
                0.0,
                -0.1122726,
                0.0,
                0.0,
                0.0
            ],
            [
                0.0,
                0.0,
                0.0,
                0.0,
                0.0,
                0.0
            ]
        ],
        [
            [
                0.075918435,
                0.00000308,
                2.4E-7,
                -8E-8,
                0.06311393,
                0.0
            ],
            [
                0.00000308,
                -0.099917798,
                0.0,
                -0.00799081,
                -0.00000445,
                0.0
            ],
            [
                2.4E-7,
                0.0,
                0.122705981,
                0.0,
                0.0000011,
                0.0
            ],
            [
                -8E-8,
                -0.00799081,
                0.0,
                -0.138451039,
                -0.00000293,
                0.0
            ],
            [
                0.06311393,
                -0.00000445,
                0.0000011,
                -0.00000293,
                -0.405834299,
                0.0
            ],
            [
                0.0,
                0.0,
                0.0,
                0.0,
                0.0,
                0.0
            ]
        ],
        [
            [
                0.005215608,
                -9E-8,
                -0.00000148,
                0.00000475,
                -0.40329636,
                0.0
            ],
            [
                -9E-8,
                -0.487666859,
                -9E-8,
                -0.04566323,
                3.9E-7,
                0.0
            ],
            [
                -0.00000148,
                -9E-8,
                -0.34023878,
                0.0,
                5.5E-7,
                0.0
            ],
            [
                0.00000475,
                -0.04566323,
                0.0,
                -0.091710568,
                7.3E-7,
                0.0
            ],
            [
                -0.40329636,
                3.9E-7,
                5.5E-7,
                7.3E-7,
                -0.082213791,
                0.0
            ],
            [
                0.0,
                0.0,
                0.0,
                0.0,
                0.0,
                0.0
            ]
        ],
        [
            [
                -0.067039356,
                0.00000115,
                1.1E-7,
                -0.00000157,
                0.27011356,
                0.0
            ],
            [
                0.00000115,
                0.04665285,
                0.0,
                0.0291985,
                -0.00000448,
                0.0
            ],
            [
                1.1E-7,
                0.0,
                -0.028808433,
                0.0,
                6.8E-7,
                0.0
            ],
            [
                -0.00000157,
                0.0291985,
                0.0,
                -0.200188255,
                -9E-8,
                0.0
            ],
            [
                0.27011356,
                -0.00000448,
                6.8E-7,
                -9E-8,
                -0.413795538,
                0.0
            ],
            [
                0.0,
                0.0,
                0.0,
                0.0,
                0.0,
                0.0
            ]
        ],
        [
            [
                0.0,
                0.0,
                -0.15380472,
                0.0,
                0.0,
                0.0
            ],
            [
                0.0,
                0.0,
                0.0,
                0.0,
                0.0,
                0.0
            ],
            [
                -0.15380472,
                0.0,
                0.0,
                0.0,
                0.18446358,
                0.0
            ],
            [
                0.0,
                0.0,
                0.0,
                0.0,
                0.0,
                0.0
            ],
            [
                0.0,
                0.0,
                0.18446358,
                0.0,
                0.0,
                0.0
            ],
            [
                0.0,
                0.0,
                0.0,
                0.0,
                0.0,
                0.0
            ]
        ]
    ],
    "quadratic couplings":
    [
        [
            [
                [
                    -0.038268097,
                    0.0,
                    0.0000825,
                    1E-7,
                    0.1084396,
                    0.0
                ],
                [
                    0.0,
                    0.03340672,
                    0.0,
                    0.0374246,
                    3E-7,
                    0.0
                ],
                [
                    0.0000825,
                    0.0,
                    -0.018055472,
                    0.0,
                    -0.0000318,
                    0.0
                ],
                [
                    1E-7,
                    0.0374246,
                    0.0,
                    -0.288368039,
                    -0.000002,
                    0.0
                ],
                [
                    0.1084396,
                    3E-7,
                    -0.0000318,
                    -0.000002,
                    -0.171380805,
                    0.0
                ],
                [
                    0.0,
                    0.0,
                    0.0,
                    0.0,
                    0.0,
                    0.0
                ]
            ],
            [
                [
                    0.0,
                    0.0083432,
                    0.0,
                    -0.0127828,
                    0.0,
                    0.0
                ],
                [
                    0.0083432,
                    0.0,
                    0.0,
                    0.0,
                    -0.0137912,
                    0.0
                ],
                [
                    0.0,
                    0.0,
                    0.0,
                    0.0,
                    0.0,
                    0.0
                ],
                [
                    -0.0127828,
                    0.0,
                    0.0,
                    0.0,
                    -0.0096476,
                    0.0
                ],
                [
                    0.0,
                    -0.0137912,
                    0.0,
                    -0.0096476,
                    0.0,
                    0.0
                ],
                [
                    0.0,
                    0.0,
                    0.0,
                    0.0,
                    0.0,
                    0.0
                ]
            ],
            [
                [
                    0.0,
                    0.0000012,
                    -0.000008,
                    0.0000253,
                    0.0,
                    0.0
                ],
                [
                    0.0000012,
                    0.0,
                    0.0005308,
                    0.0,
                    -0.0000479,
                    0.0
                ],
                [
                    -0.000008,
                    0.0005308,
                    0.0,
                    -0.0026684,
                    0.000038,
                    0.0
                ],
                [
                    0.0000253,
                    0.0,
                    -0.0026684,
                    0.0,
                    -0.0000077,
                    0.0
                ],
                [
                    0.0,
                    -0.0000479,
                    0.000038,
                    -0.0000077,
                    0.0,
                    0.0
                ],
                [
                    0.0,
                    0.0,
                    0.0,
                    0.0,
                    0.0,
                    0.0
                ]
            ],
            [
                [
                    0.0,
                    0.0000199,
                    0.0000129,
                    0.0000231,
                    0.0,
                    0.0
                ],
                [
                    0.0000199,
                    0.0,
                    -0.0046414,
                    0.0,
                    0.0000145,
                    0.0
                ],
                [
                    0.0000129,
                    -0.0046414,
                    0.0,
                    -0.0082404,
                    0.0000323,
                    0.0
                ],
                [
                    0.0000231,
                    0.0,
                    -0.0082404,
                    0.0,
                    -0.0000385,
                    0.0
                ],
                [
                    0.0,
                    0.0000145,
                    0.0000323,
                    -0.0000385,
                    0.0,
                    0.0
                ],
                [
                    0.0,
                    0.0,
                    0.0,
                    0.0,
                    0.0,
                    0.0
                ]
            ],
            [
                [
                    0.0,
                    -0.0000181,
                    -0.0000339,
                    -0.00003,
                    0.0,
                    0.0
                ],
                [
                    -0.0000181,
                    0.0,
                    0.0132506,
                    0.0,
                    -0.0000201,
                    0.0
                ],
                [
                    -0.0000339,
                    0.0132506,
                    0.0,
                    0.0159538,
                    0.0,
                    0.0
                ],
                [
                    -0.00003,
                    0.0,
                    0.0159538,
                    0.0,
                    -2E-7,
                    0.0
                ],
                [
                    0.0,
                    -0.0000201,
                    0.0,
                    -2E-7,
                    0.0,
                    0.0
                ],
                [
                    0.0,
                    0.0,
                    0.0,
                    0.0,
                    0.0,
                    0.0
                ]
            ],
            [
                [
                    0.0,
                    0.032748,
                    0.0,
                    -0.018492,
                    0.0,
                    0.0
                ],
                [
                    0.032748,
                    0.0,
                    0.0,
                    0.0,
                    -0.0144872,
                    0.0
                ],
                [
                    0.0,
                    0.0,
                    0.0,
                    0.0,
                    0.0,
                    0.0
                ],
                [
                    -0.018492,
                    0.0,
                    0.0,
                    0.0,
                    -0.0415444,
                    0.0
                ],
                [
                    0.0,
                    -0.0144872,
                    0.0,
                    -0.0415444,
                    0.0,
                    0.0
                ],
                [
                    0.0,
                    0.0,
                    0.0,
                    0.0,
                    0.0,
                    0.0
                ]
            ]
        ],
        [
            [
                [
                    0.0,
                    0.0083432,
                    0.0,
                    -0.0127828,
                    0.0,
                    0.0
                ],
                [
                    0.0083432,
                    0.0,
                    0.0,
                    0.0,
                    -0.0137912,
                    0.0
                ],
                [
                    0.0,
                    0.0,
                    0.0,
                    0.0,
                    0.0,
                    0.0
                ],
                [
                    -0.0127828,
                    0.0,
                    0.0,
                    0.0,
                    -0.0096476,
                    0.0
                ],
                [
                    0.0,
                    -0.0137912,
                    0.0,
                    -0.0096476,
                    0.0,
                    0.0
                ],
                [
                    0.0,
                    0.0,
                    0.0,
                    0.0,
                    0.0,
                    0.0
                ]
            ],
            [
                [
                    -0.059564741,
                    0.0,
                    0.000026,
                    0.0,
                    0.0690714,
                    0.0
                ],
                [
                    0.0,
                    -0.010978793,
                    0.0,
                    0.0240092,
                    0.0,
                    0.0
                ],
                [
                    0.000026,
                    0.0,
                    -0.034241815,
                    0.0,
                    -0.0000354,
                    0.0
                ],
                [
                    0.0,
                    0.0240092,
                    0.0,
                    -0.206250493,
                    0.0,
                    0.0
                ],
                [
                    0.0690714,
                    0.0,
                    -0.0000354,
                    0.0,
                    -0.096112367,
                    0.0
                ],
                [
                    0.0,
                    0.0,
                    0.0,
                    0.0,
                    0.0,
                    0.0
                ]
            ],
            [
                [
                    0.0,
                    -0.000001,
                    -0.0362349,
                    -0.0000089,
                    -1E-7,
                    0.0
                ],
                [
                    -0.000001,
                    0.0,
                    -0.0000495,
                    0.0,
                    -0.0000011,
                    0.0
                ],
                [
                    -0.0362349,
                    -0.0000495,
                    0.0,
                    -0.0000043,
                    0.0413823,
                    0.0
                ],
                [
                    -0.0000089,
                    0.0,
                    -0.0000043,
                    0.0,
                    -0.0000018,
                    0.0
                ],
                [
                    -1E-7,
                    -0.0000011,
                    0.0413823,
                    -0.0000018,
                    0.0,
                    0.0
                ],
                [
                    0.0,
                    0.0,
                    0.0,
                    0.0,
                    0.0,
                    0.0
                ]
            ],
            [
                [
                    0.0,
                    -0.0000247,
                    0.0083065,
                    -0.0000054,
                    -1E-7,
                    0.0
                ],
                [
                    -0.0000247,
                    0.0,
                    0.0000033,
                    0.0,
                    0.0000017,
                    0.0
                ],
                [
                    0.0083065,
                    0.0000033,
                    0.0,
                    0.000044,
                    -0.0194885,
                    0.0
                ],
                [
                    -0.0000054,
                    0.0,
                    0.000044,
                    0.0,
                    1E-7,
                    0.0
                ],
                [
                    -1E-7,
                    0.0000017,
                    -0.0194885,
                    1E-7,
                    0.000002721,
                    0.0
                ],
                [
                    0.0,
                    0.0,
                    0.0,
                    0.0,
                    0.0,
                    0.0
                ]
            ],
            [
                [
                    0.0,
                    0.000001,
                    -0.018634,
                    -6E-7,
                    2E-7,
                    0.0
                ],
                [
                    0.000001,
                    0.0,
                    0.0000061,
                    0.0,
                    -8E-7,
                    0.0
                ],
                [
                    -0.018634,
                    0.0000061,
                    0.0,
                    -0.0000439,
                    0.0147334,
                    0.0
                ],
                [
                    -6E-7,
                    0.0,
                    -0.0000439,
                    -0.000002721,
                    1E-7,
                    0.0
                ],
                [
                    2E-7,
                    -8E-7,
                    0.0147334,
                    1E-7,
                    0.000002721,
                    0.0
                ],
                [
                    0.0,
                    0.0,
                    0.0,
                    0.0,
                    0.0,
                    0.0
                ]
            ],
            [
                [
                    -0.000565997,
                    0.0,
                    0.0,
                    0.0,
                    -0.0409145,
                    0.0
                ],
                [
                    0.0,
                    -0.008479071,
                    0.0,
                    -0.0073812,
                    0.0,
                    0.0
                ],
                [
                    0.0,
                    0.0,
                    -0.033535325,
                    0.0,
                    0.0,
                    0.0
                ],
                [
                    0.0,
                    -0.0073812,
                    0.0,
                    0.065606676,
                    0.0,
                    0.0
                ],
                [
                    -0.0409145,
                    0.0,
                    0.0,
                    0.0,
                    0.074093911,
                    0.0
                ],
                [
                    0.0,
                    0.0,
                    0.0,
                    0.0,
                    0.0,
                    0.0
                ]
            ]
        ],
        [
            [
                [
                    0.0,
                    0.0000012,
                    -0.000008,
                    0.0000253,
                    0.0,
                    0.0
                ],
                [
                    0.0000012,
                    0.0,
                    0.0005308,
                    0.0,
                    -0.0000479,
                    0.0
                ],
                [
                    -0.000008,
                    0.0005308,
                    0.0,
                    -0.0026684,
                    0.000038,
                    0.0
                ],
                [
                    0.0000253,
                    0.0,
                    -0.0026684,
                    0.0,
                    -0.0000077,
                    0.0
                ],
                [
                    0.0,
                    -0.0000479,
                    0.000038,
                    -0.0000077,
                    0.0,
                    0.0
                ],
                [
                    0.0,
                    0.0,
                    0.0,
                    0.0,
                    0.0,
                    0.0
                ]
            ],
            [
                [
                    0.0,
                    -0.000001,
                    -0.0362349,
                    -0.0000089,
                    -1E-7,
                    0.0
                ],
                [
                    -0.000001,
                    0.0,
                    -0.0000495,
                    0.0,
                    -0.0000011,
                    0.0
                ],
                [
                    -0.0362349,
                    -0.0000495,
                    0.0,
                    -0.0000043,
                    0.0413823,
                    0.0
                ],
                [
                    -0.0000089,
                    0.0,
                    -0.0000043,
                    0.0,
                    -0.0000018,
                    0.0
                ],
                [
                    -1E-7,
                    -0.0000011,
                    0.0413823,
                    -0.0000018,
                    0.0,
                    0.0
                ],
                [
                    0.0,
                    0.0,
                    0.0,
                    0.0,
                    0.0,
                    0.0
                ]
            ],
            [
                [
                    -0.059923326,
                    -0.0000052,
                    0.0000242,
                    0.0000097,
                    0.0655108,
                    0.0
                ],
                [
                    -0.0000052,
                    0.001402998,
                    4E-7,
                    0.0174187,
                    0.000029,
                    0.0
                ],
                [
                    0.0000242,
                    4E-7,
                    -0.014058517,
                    0.0,
                    -0.0000347,
                    0.0
                ],
                [
                    0.0000097,
                    0.0174187,
                    0.0,
                    -0.149217522,
                    -0.0000289,
                    0.0
                ],
                [
                    0.0655108,
                    0.000029,
                    -0.0000347,
                    -0.0000289,
                    -0.078816198,
                    0.0
                ],
                [
                    0.0,
                    0.0,
                    0.0,
                    0.0,
                    0.0,
                    0.0
                ]
            ],
            [
                [
                    0.019926905,
                    0.0000012,
                    -0.0000142,
                    0.0000116,
                    -0.0223634,
                    0.0
                ],
                [
                    0.0000012,
                    0.015192122,
                    -0.0000016,
                    -0.007718,
                    -1E-7,
                    0.0
                ],
                [
                    -0.0000142,
                    -0.0000016,
                    0.018702393,
                    0.0,
                    0.0000135,
                    0.0
                ],
                [
                    0.0000116,
                    -0.007718,
                    0.0,
                    0.077057232,
                    0.0,
                    0.0
                ],
                [
                    -0.0223634,
                    -1E-7,
                    0.0000135,
                    0.0,
                    0.059465064,
                    0.0
                ],
                [
                    0.0,
                    0.0,
                    0.0,
                    0.0,
                    0.0,
                    0.0
                ]
            ],
            [
                [
                    0.003507549,
                    -0.0000063,
                    -0.0000137,
                    -0.0000058,
                    -0.0217908,
                    0.0
                ],
                [
                    -0.0000063,
                    0.001001379,
                    0.0,
                    -0.000285,
                    0.000003,
                    0.0
                ],
                [
                    -0.0000137,
                    0.0,
                    -0.011649199,
                    0.0,
                    -0.0000254,
                    0.0
                ],
                [
                    -0.0000058,
                    -0.000285,
                    0.0,
                    0.016939094,
                    0.000001,
                    0.0
                ],
                [
                    -0.0217908,
                    0.000003,
                    -0.0000254,
                    0.000001,
                    0.053146578,
                    0.0
                ],
                [
                    0.0,
                    0.0,
                    0.0,
                    0.0,
                    0.0,
                    0.0
                ]
            ],
            [
                [
                    0.0,
                    1E-7,
                    -0.0109803,
                    1E-7,
                    2E-7,
                    0.0
                ],
                [
                    1E-7,
                    0.0,
                    0.0000027,
                    0.0,
                    0.0,
                    0.0
                ],
                [
                    -0.0109803,
                    0.0000027,
                    0.0,
                    -0.0000187,
                    -0.0046723,
                    0.0
                ],
                [
                    1E-7,
                    0.0,
                    -0.0000187,
                    0.0,
                    0.0,
                    0.0
                ],
                [
                    2E-7,
                    0.0,
                    -0.0046723,
                    0.0,
                    0.0,
                    0.0
                ],
                [
                    0.0,
                    0.0,
                    0.0,
                    0.0,
                    0.0,
                    0.0
                ]
            ]
        ],
        [
            [
                [
                    0.0,
                    0.0000199,
                    0.0000129,
                    0.0000231,
                    0.0,
                    0.0
                ],
                [
                    0.0000199,
                    0.0,
                    -0.0046414,
                    0.0,
                    0.0000145,
                    0.0
                ],
                [
                    0.0000129,
                    -0.0046414,
                    0.0,
                    -0.0082404,
                    0.0000323,
                    0.0
                ],
                [
                    0.0000231,
                    0.0,
                    -0.0082404,
                    0.0,
                    -0.0000385,
                    0.0
                ],
                [
                    0.0,
                    0.0000145,
                    0.0000323,
                    -0.0000385,
                    0.0,
                    0.0
                ],
                [
                    0.0,
                    0.0,
                    0.0,
                    0.0,
                    0.0,
                    0.0
                ]
            ],
            [
                [
                    0.0,
                    -0.0000247,
                    0.0083065,
                    -0.0000054,
                    -1E-7,
                    0.0
                ],
                [
                    -0.0000247,
                    0.0,
                    0.0000033,
                    0.0,
                    0.0000017,
                    0.0
                ],
                [
                    0.0083065,
                    0.0000033,
                    0.0,
                    0.000044,
                    -0.0194885,
                    0.0
                ],
                [
                    -0.0000054,
                    0.0,
                    0.000044,
                    0.0,
                    1E-7,
                    0.0
                ],
                [
                    -1E-7,
                    0.0000017,
                    -0.0194885,
                    1E-7,
                    0.000002721,
                    0.0
                ],
                [
                    0.0,
                    0.0,
                    0.0,
                    0.0,
                    0.0,
                    0.0
                ]
            ],
            [
                [
                    0.019926905,
                    0.0000012,
                    -0.0000142,
                    0.0000116,
                    -0.0223634,
                    0.0
                ],
                [
                    0.0000012,
                    0.015192122,
                    -0.0000016,
                    -0.007718,
                    -1E-7,
                    0.0
                ],
                [
                    -0.0000142,
                    -0.0000016,
                    0.018702393,
                    0.0,
                    0.0000135,
                    0.0
                ],
                [
                    0.0000116,
                    -0.007718,
                    0.0,
                    0.077057232,
                    0.0,
                    0.0
                ],
                [
                    -0.0223634,
                    -1E-7,
                    0.0000135,
                    0.0,
                    0.059465064,
                    0.0
                ],
                [
                    0.0,
                    0.0,
                    0.0,
                    0.0,
                    0.0,
                    0.0
                ]
            ],
            [
                [
                    0.000503199,
                    0.0000034,
                    0.0000297,
                    3E-7,
                    0.0614721,
                    0.0
                ],
                [
                    0.0000034,
                    0.054882453,
                    -0.0000012,
                    0.009363,
                    -0.0000013,
                    0.0
                ],
                [
                    0.0000297,
                    -0.0000012,
                    0.004391707,
                    0.0,
                    -0.0000218,
                    0.0
                ],
                [
                    3E-7,
                    0.009363,
                    0.0,
                    -0.035010394,
                    -3E-7,
                    0.0
                ],
                [
                    0.0614721,
                    -0.0000013,
                    -0.0000218,
                    -3E-7,
                    -0.017905311,
                    0.0
                ],
                [
                    0.0,
                    0.0,
                    0.0,
                    0.0,
                    0.0,
                    0.0
                ]
            ],
            [
                [
                    -0.030691734,
                    -3E-7,
                    0.0000029,
                    0.0000167,
                    -0.0039836,
                    0.0
                ],
                [
                    -3E-7,
                    -0.024822236,
                    0.0000011,
                    -0.0003254,
                    0.0000017,
                    0.0
                ],
                [
                    0.0000029,
                    0.0000011,
                    -0.0098859,
                    1E-7,
                    0.0000068,
                    0.0
                ],
                [
                    0.0000167,
                    -0.0003254,
                    1E-7,
                    -0.036163945,
                    7E-7,
                    0.0
                ],
                [
                    -0.0039836,
                    0.0000017,
                    0.0000068,
                    7E-7,
                    -0.024035826,
                    0.0
                ],
                [
                    0.0,
                    0.0,
                    0.0,
                    0.0,
                    0.0,
                    0.0
                ]
            ],
            [
                [
                    0.0,
                    2E-7,
                    0.014151,
                    -2E-7,
                    1E-7,
                    0.0
                ],
                [
                    2E-7,
                    0.0,
                    0.0000291,
                    0.0,
                    0.0,
                    0.0
                ],
                [
                    0.014151,
                    0.0000291,
                    0.0,
                    -0.0000439,
                    -0.0116877,
                    0.0
                ],
                [
                    -2E-7,
                    0.0,
                    -0.0000439,
                    0.0,
                    0.0,
                    0.0
                ],
                [
                    1E-7,
                    0.0,
                    -0.0116877,
                    0.0,
                    0.0,
                    0.0
                ],
                [
                    0.0,
                    0.0,
                    0.0,
                    0.0,
                    0.0,
                    0.0
                ]
            ]
        ],
        [
            [
                [
                    0.0,
                    -0.0000181,
                    -0.0000339,
                    -0.00003,
                    0.0,
                    0.0
                ],
                [
                    -0.0000181,
                    0.0,
                    0.0132506,
                    0.0,
                    -0.0000201,
                    0.0
                ],
                [
                    -0.0000339,
                    0.0132506,
                    0.0,
                    0.0159538,
                    0.0,
                    0.0
                ],
                [
                    -0.00003,
                    0.0,
                    0.0159538,
                    0.0,
                    -2E-7,
                    0.0
                ],
                [
                    0.0,
                    -0.0000201,
                    0.0,
                    -2E-7,
                    0.0,
                    0.0
                ],
                [
                    0.0,
                    0.0,
                    0.0,
                    0.0,
                    0.0,
                    0.0
                ]
            ],
            [
                [
                    0.0,
                    0.000001,
                    -0.018634,
                    -6E-7,
                    2E-7,
                    0.0
                ],
                [
                    0.000001,
                    0.0,
                    0.0000061,
                    0.0,
                    -8E-7,
                    0.0
                ],
                [
                    -0.018634,
                    0.0000061,
                    0.0,
                    -0.0000439,
                    0.0147334,
                    0.0
                ],
                [
                    -6E-7,
                    0.0,
                    -0.0000439,
                    -0.000002721,
                    1E-7,
                    0.0
                ],
                [
                    2E-7,
                    -8E-7,
                    0.0147334,
                    1E-7,
                    0.000002721,
                    0.0
                ],
                [
