{
    "number of modes": 6,
    "number of surfaces": 5,
    "energies":
    [
        [
            9.934584926238319,
            0.0,
            -1.28E-7,
            0.0,
            0.002400615
        ],
        [
            0.0,
            13.683616880238318,
            0.0,
            0.00479718,
            0.0
        ],
        [
            0.0,
            0.0,
            15.17500514823832,
            0.0,
            1.76E-7
        ],
        [
            0.0,
            0.0,
            0.0,
            15.451269658238319,
            0.0
        ],
        [
            0.0,
            0.0,
            0.0,
            0.0,
            16.05799769723832
        ]
    ],
    "frequencies":
    [
        0.14860486640999998,
        0.15803734089000002,
        0.19181968377000003,
        0.22107919977,
        0.36766937493,
        0.37620918621
    ],
    "electronic transition dipole moments":
    [
        [
            "(0.968373+0j)",
            "(1.055422+0j)",
            "(1.388851+0j)",
            "(0.883487+0j)",
            "(0.559489+0j)"
        ]
    ],
    "linear couplings":
    [
        [
            [
                0.0,
                1.4999999999999997E-7,
                -1.9999999999999914E-8,
                0.00001155,
                0.0
            ],
            [
                1.4999999999999997E-7,
                0.0,
                -0.16513509999999998,
                0.0,
                0.0000011399999999999999
            ],
            [
                -1.9999999999999914E-8,
                -0.16513509999999998,
                0.0,
                0.01315246,
                -0.00000306
            ],
            [
                0.00001155,
                0.0,
                0.01315246,
                0.0,
                -0.00000284
            ],
            [
                0.0,
                0.0000011399999999999999,
                -0.00000306,
                -0.00000284,
                0.0
            ]
        ],
        [
            [
                0.0,
                0.0,
                0.31321860999999995,
                0.0,
                2.999999999721975E-8
            ],
            [
                0.0,
                0.0,
                0.0,
                1.0000000003410059E-8,
                0.0
            ],
            [
                0.31321860999999995,
                0.0,
                0.0,
                0.0,
                -0.11227259999999999
            ],
            [
                0.0,
                1.0000000003410059E-8,
                0.0,
                0.0,
                0.0
            ],
            [
                2.999999999721975E-8,
                0.0,
                -0.11227259999999999,
                0.0,
                0.0
            ]
        ],
        [
            [
                0.07591843463850564,
                0.0000030799999999999997,
                2.4E-7,
                -7.999999999999999E-8,
                0.06311392999999998
            ],
            [
                0.0000030799999999999997,
                -0.09991779757286753,
                0.0,
                -0.007990810000000001,
                -0.00000445
            ],
            [
                2.4E-7,
                0.0,
                0.12270598125896368,
                0.0,
                0.0000011499999999999998
            ],
            [
                -7.999999999999999E-8,
                -0.007990810000000001,
                0.0,
                -0.13845103929026167,
                -0.00000293
            ],
            [
                0.06311392999999998,
                -0.00000445,
                0.0000011499999999999998,
                -0.00000293,
                -0.405834299390225
            ]
        ],
        [
            [
                0.00521560829792284,
                -9.000000000000001E-8,
                -0.00000148,
                0.000004749999999999999,
                -0.40329636
            ],
            [
                -9.000000000000001E-8,
                -0.487666858864181,
                -9.000000000000001E-8,
                -0.04566322999999999,
                3.9E-7
            ],
            [
                -0.00000148,
                -9.000000000000001E-8,
                -0.340238779991667,
                0.0,
                5.499999999999999E-7
            ],
            [
                0.000004749999999999999,
                -0.04566322999999999,
                0.0,
                -0.09171056838223951,
                7.3E-7
            ],
            [
                -0.40329636,
                3.9E-7,
                5.499999999999999E-7,
                7.3E-7,
                -0.08221379113533671
            ]
        ],
        [
            [
                -0.0670393560826992,
                0.00000115,
                1.1000000000000006E-7,
                -0.0000015699999999999998,
                0.27011356
            ],
            [
                0.00000115,
                0.046652850211028454,
                -0.0,
                0.0291985,
                -0.0000044799999999999995
            ],
            [
                1.1000000000000006E-7,
                -0.0,
                -0.02880843296944081,
                0.0,
                6.8E-7
            ],
            [
                -0.0000015699999999999998,
                0.0291985,
                0.0,
                -0.20018825483784664,
                -8.999999999999999E-8
            ],
            [
                0.27011356,
                -0.0000044799999999999995,
                6.8E-7,
                -8.999999999999999E-8,
                -0.41379553755493603
            ]
        ],
        [
            [
                0.0,
                0.0,
                -0.15380471999999998,
                0.0,
                0.0
            ],
            [
                0.0,
                0.0,
                0.0,
                0.0,
                0.0
            ],
            [
                -0.15380471999999998,
                0.0,
                0.0,
                0.0,
                0.18446358
            ],
            [
                0.0,
                0.0,
                0.0,
                0.0,
                0.0
            ],
            [
                0.0,
                0.0,
                0.18446358,
                0.0,
                0.0
            ]
        ]
    ],
    "quadratic couplings":
    [
        [
            [
                [
                    -0.0382680973328563,
                    0.0,
                    0.00008249999999999997,
                    9.999999999999998E-8,
                    0.10843959999999994
                ],
                [
                    0.0,
                    0.03340672001489933,
                    0.0,
                    0.03742459999999999,
                    2.9999999999999983E-7
                ],
                [
                    0.00008249999999999997,
                    0.0,
                    -0.018055472353892543,
                    0.0,
                    -0.00003179999999999999
                ],
                [
                    9.999999999999998E-8,
                    0.03742459999999999,
                    0.0,
                    -0.28836803920462684,
                    -0.000001999999999999999
                ],
                [
                    0.10843959999999994,
                    2.9999999999999983E-7,
                    -0.00003179999999999999,
                    -0.000001999999999999999,
                    -0.17138080494265506
                ]
            ],
            [
                [
                    0.0,
                    0.008343199999999999,
                    0.0,
                    -0.012782799999999997,
                    0.0
                ],
                [
                    0.008343199999999999,
                    0.0,
                    0.0,
                    0.0,
                    -0.013791199999999997
                ],
                [
                    0.0,
                    0.0,
                    0.0,
                    0.0,
                    0.0
                ],
                [
                    -0.012782799999999997,
                    0.0,
                    0.0,
                    0.0,
                    -0.0096476
                ],
                [
                    0.0,
                    -0.013791199999999997,
                    0.0,
                    -0.0096476,
                    0.0
                ]
            ],
            [
                [
                    0.0,
                    0.0000012,
                    -0.000007999999999999998,
                    0.000025299999999999995,
                    0.0
                ],
                [
                    0.0000012,
                    0.0,
                    0.0005307999999999007,
                    0.0,
                    -0.00004789999999999999
                ],
                [
                    -0.000007999999999999998,
                    0.0005307999999999007,
                    0.0,
                    -0.002668400000000012,
                    0.00003799999999999999
                ],
                [
                    0.000025299999999999995,
                    0.0,
                    -0.002668400000000012,
                    0.0,
                    -0.000007699999999999999
                ],
                [
                    0.0,
                    -0.00004789999999999999,
                    0.00003799999999999999,
                    -0.000007699999999999999,
                    0.0
                ]
            ],
            [
                [
                    0.0,
                    0.000019899999999999996,
                    0.000012899999999999998,
                    0.000023099999999999996,
                    0.0
                ],
                [
                    0.000019899999999999996,
                    0.0,
                    -0.004641400000000156,
                    0.0,
                    0.000014499999999999997
                ],
                [
                    0.000012899999999999998,
                    -0.004641400000000156,
                    0.0,
                    -0.008240399999999988,
                    0.0000323
                ],
                [
                    0.000023099999999999996,
                    0.0,
                    -0.008240399999999988,
                    0.0,
                    -0.000038499999999999994
                ],
                [
                    0.0,
                    0.000014499999999999997,
                    0.0000323,
                    -0.000038499999999999994,
                    0.0
                ]
            ],
            [
                [
                    0.0,
                    -0.000018099999999999996,
                    -0.00003389999999999999,
                    -0.000029999999999999994,
                    0.0
                ],
                [
                    -0.000018099999999999996,
                    0.0,
                    0.013250600000000097,
                    0.0,
                    -0.000020099999999999997
                ],
                [
                    -0.00003389999999999999,
                    0.013250600000000097,
                    0.0,
                    0.015953800000000004,
                    -1.323488980084844E-21
                ],
                [
                    -0.000029999999999999994,
                    0.0,
                    0.015953800000000004,
                    0.0,
                    -2.000000000000001E-7
                ],
                [
                    0.0,
                    -0.000020099999999999997,
                    -1.323488980084844E-21,
                    -2.000000000000001E-7,
                    0.0
                ]
            ],
            [
                [
                    0.0,
                    0.03274799999999999,
                    0.0,
                    -0.018491999999999998,
                    0.0
                ],
                [
                    0.03274799999999999,
                    0.0,
                    0.0,
                    0.0,
                    -0.014487199999999997
                ],
                [
                    0.0,
                    0.0,
                    0.0,
                    0.0,
                    0.0
                ],
                [
                    -0.018491999999999998,
                    0.0,
                    0.0,
                    0.0,
                    -0.041544399999999995
                ],
                [
                    0.0,
                    -0.014487199999999997,
                    0.0,
                    -0.041544399999999995,
                    0.0
                ]
            ]
        ],
        [
            [
                [
                    0.0,
                    0.008343199999999999,
                    0.0,
                    -0.012782799999999997,
                    0.0
                ],
                [
                    0.008343199999999999,
                    0.0,
                    0.0,
                    0.0,
                    -0.013791199999999997
                ],
                [
                    0.0,
                    0.0,
                    0.0,
                    0.0,
                    0.0
                ],
                [
                    -0.012782799999999997,
                    0.0,
                    0.0,
                    0.0,
                    -0.0096476
                ],
                [
                    0.0,
                    -0.013791199999999997,
                    0.0,
                    -0.0096476,
                    0.0
                ]
            ],
            [
                [
                    -0.05956474050255413,
                    0.0,
                    0.000025999999999789453,
                    0.0,
                    0.06907140000000002
                ],
                [
                    0.0,
                    -0.01097879283653333,
                    0.0,
                    0.024009200000000074,
                    0.0
                ],
                [
                    0.000025999999999789453,
                    0.0,
                    -0.034241815313242274,
                    0.0,
                    -0.00003539999999989472
                ],
                [
                    0.0,
                    0.024009200000000074,
                    0.0,
                    -0.20625049258185102,
                    0.0
                ],
                [
                    0.06907140000000002,
                    0.0,
                    -0.00003539999999989472,
                    0.0,
                    -0.096112366683903
                ]
            ],
            [
                [
                    0.0,
                    -9.999999999999983E-7,
                    -0.036234899999999785,
                    -0.0000089,
                    -1.000000000449426E-7
                ],
                [
                    -9.999999999999983E-7,
                    0.0,
                    -0.00004949999999999999,
                    0.0,
                    -0.0000011000000000000003
                ],
                [
                    -0.036234899999999785,
                    -0.00004949999999999999,
                    0.0,
                    -0.0000042999999999999995,
                    0.04138230000000006
                ],
                [
                    -0.0000089,
                    0.0,
                    -0.0000042999999999999995,
                    0.0,
                    -0.0000017999999999999995
                ],
                [
                    -1.000000000449426E-7,
                    -0.0000011000000000000003,
                    0.04138230000000006,
                    -0.0000017999999999999995,
                    0.0
                ]
            ],
            [
                [
                    0.0,
                    -0.000024699999999999997,
                    0.008306499999999327,
                    -0.0000053999999999999974,
                    -1.000000002943091E-7
                ],
                [
                    -0.000024699999999999997,
                    0.0,
                    0.0000032999999999999993,
                    0.0,
                    0.0000016999999999999996
                ],
                [
                    0.008306499999999327,
                    0.0000032999999999999993,
                    0.0,
                    0.00004399999999999999,
                    -0.019488499999999877
                ],
                [
                    -0.0000053999999999999974,
                    0.0,
                    0.00004399999999999999,
                    0.0,
                    1.0000000000000022E-7
                ],
                [
                    -1.000000002943091E-7,
                    0.0000016999999999999996,
                    -0.019488499999999877,
                    1.0000000000000022E-7,
                    0.0000027211108360383236
                ]
            ],
            [
                [
                    0.0,
                    9.999999999999995E-7,
                    -0.018634000000000008,
                    -5.999999999999997E-7,
                    1.999999998947288E-7
                ],
                [
                    9.999999999999995E-7,
                    0.0,
                    0.000006099999999999999,
                    0.0,
                    -7.999999999999991E-7
                ],
                [
                    -0.018634000000000008,
                    0.000006099999999999999,
                    0.0,
                    -0.00004389999999999998,
                    0.014733399999999893
                ],
                [
                    -5.999999999999997E-7,
                    0.0,
                    -0.00004389999999999998,
                    -0.0000027211108360383236,
                    9.999999999999997E-8
                ],
                [
                    1.999999998947288E-7,
                    -7.999999999999991E-7,
                    0.014733399999999893,
                    9.999999999999997E-8,
                    0.0000027211495057580263
                ]
            ],
            [
                [
                    -0.0005659970090328056,
                    0.0,
                    -6.938893903907227E-16,
                    0.0,
                    -0.0409145
                ],
                [
                    0.0,
                    -0.008479071001505687,
                    0.0,
                    -0.007381200000000121,
                    0.0
                ],
                [
                    -6.938893903907227E-16,
                    0.0,
                    -0.03353532454466598,
                    0.0,
                    1.7347234759768068E-16
                ],
                [
                    0.0,
                    -0.007381200000000121,
                    0.0,
                    0.0656066760689949,
                    0.0
                ],
                [
                    -0.0409145,
                    0.0,
                    1.7347234759768068E-16,
                    0.0,
                    0.07409391051901786
                ]
            ]
        ],
        [
            [
                [
                    0.0,
                    0.0000012,
                    -0.000007999999999999998,
                    0.000025299999999999995,
                    0.0
                ],
                [
                    0.0000012,
                    0.0,
                    0.0005307999999999007,
                    0.0,
                    -0.00004789999999999999
                ],
                [
                    -0.000007999999999999998,
                    0.0005307999999999007,
                    0.0,
                    -0.002668400000000012,
                    0.00003799999999999999
                ],
                [
                    0.000025299999999999995,
                    0.0,
                    -0.002668400000000012,
                    0.0,
                    -0.000007699999999999999
                ],
                [
                    0.0,
                    -0.00004789999999999999,
                    0.00003799999999999999,
                    -0.000007699999999999999,
                    0.0
                ]
            ],
            [
                [
                    0.0,
                    -9.999999999999983E-7,
                    -0.036234899999999785,
                    -0.0000089,
                    -1.000000000449426E-7
                ],
                [
                    -9.999999999999983E-7,
                    0.0,
                    -0.00004949999999999999,
                    0.0,
                    -0.0000011000000000000003
                ],
                [
                    -0.036234899999999785,
                    -0.00004949999999999999,
                    0.0,
                    -0.0000042999999999999995,
                    0.04138230000000006
                ],
                [
                    -0.0000089,
                    0.0,
                    -0.0000042999999999999995,
                    0.0,
                    -0.0000017999999999999995
                ],
                [
                    -1.000000000449426E-7,
                    -0.0000011000000000000003,
                    0.04138230000000006,
                    -0.0000017999999999999995,
                    0.0
                ]
            ],
            [
                [
                    -0.05992332554225732,
                    -0.000005199999999999999,
                    0.0000242,
                    0.000009699999999999999,
                    0.06551079999999997
                ],
                [
                    -0.000005199999999999999,
                    0.0014029978607377758,
                    3.9999999999999993E-7,
                    0.017418700000000096,
                    0.000028999999999999993
                ],
                [
                    0.0000242,
                    3.9999999999999993E-7,
                    -0.014058517482546301,
                    -0.0,
                    -0.00003469999999999999
                ],
                [
                    0.000009699999999999999,
                    0.017418700000000096,
                    -0.0,
                    -0.14921752194141005,
                    -0.000028899999999999994
                ],
                [
                    0.06551079999999997,
                    0.000028999999999999993,
                    -0.00003469999999999999,
                    -0.000028899999999999994,
                    -0.07881619792198283
                ]
            ],
            [
                [
                    0.019926905402281023,
                    0.0000012,
                    -0.000014199999999999998,
                    0.0000116,
                    -0.02236340000000003
                ],
                [
                    0.0000012,
                    0.015192122470287325,
                    -0.0000015999999999999995,
                    -0.007718000000000046,
                    -1.0000000000000022E-7
                ],
                [
                    -0.000014199999999999998,
                    -0.0000015999999999999995,
                    0.018702392571707676,
                    0.0,
                    0.000013499999999999994
                ],
                [
                    0.0000116,
                    -0.007718000000000046,
                    0.0,
                    0.07705723158060626,
                    0.0
                ],
                [
                    -0.02236340000000003,
                    -1.0000000000000022E-7,
                    0.000013499999999999994,
                    0.0,
                    0.05946506398559701
                ]
            ],
            [
                [
                    0.003507548951914594,
                    -0.0000063,
                    -0.000013699999999999998,
                    -0.000005799999999999999,
                    -0.021790800000000013
                ],
                [
                    -0.0000063,
                    0.001001379344495582,
                    0.0,
                    -0.00028499999999999874,
                    0.0000029999999999999984
                ],
                [
                    -0.000013699999999999998,
                    0.0,
                    -0.011649198690807036,
                    0.0,
                    -0.00002539999999999999
                ],
                [
                    -0.000005799999999999999,
                    -0.00028499999999999874,
                    0.0,
                    0.01693909414981967,
                    9.999999999999997E-7
                ],
                [
                    -0.021790800000000013,
                    0.0000029999999999999984,
                    -0.00002539999999999999,
                    9.999999999999997E-7,
                    0.05314657780304037
                ]
            ],
            [
                [
                    0.0,
                    9.999999999999691E-8,
                    -0.010980299999999945,
                    9.999999999999956E-8,
                    1.9999999998146498E-7
                ],
                [
                    9.999999999999691E-8,
                    0.0,
                    0.0000027,
                    0.0,
                    0.0
                ],
                [
                    -0.010980299999999945,
                    0.0000027,
                    0.0,
                    -0.000018699999999999997,
                    -0.004672300000000024
                ],
                [
                    9.999999999999956E-8,
                    0.0,
                    -0.000018699999999999997,
                    0.0,
                    0.0
                ],
                [
                    1.9999999998146498E-7,
                    0.0,
                    -0.004672300000000024,
                    0.0,
                    0.0
                ]
            ]
        ],
        [
            [
                [
                    0.0,
                    0.000019899999999999996,
                    0.000012899999999999998,
                    0.000023099999999999996,
                    0.0
                ],
                [
                    0.000019899999999999996,
                    0.0,
                    -0.004641400000000156,
                    0.0,
                    0.000014499999999999997
                ],
                [
                    0.000012899999999999998,
                    -0.004641400000000156,
                    0.0,
                    -0.008240399999999988,
                    0.0000323
                ],
                [
                    0.000023099999999999996,
                    0.0,
                    -0.008240399999999988,
                    0.0,
                    -0.000038499999999999994
                ],
                [
                    0.0,
                    0.000014499999999999997,
                    0.0000323,
                    -0.000038499999999999994,
                    0.0
                ]
            ],
            [
                [
                    0.0,
                    -0.000024699999999999997,
                    0.008306499999999327,
                    -0.0000053999999999999974,
                    -1.000000002943091E-7
                ],
                [
                    -0.000024699999999999997,
                    0.0,
                    0.0000032999999999999993,
                    0.0,
                    0.0000016999999999999996
                ],
                [
                    0.008306499999999327,
                    0.0000032999999999999993,
                    0.0,
                    0.00004399999999999999,
                    -0.019488499999999877
                ],
                [
                    -0.0000053999999999999974,
                    0.0,
                    0.00004399999999999999,
                    0.0,
                    1.0000000000000022E-7
                ],
                [
                    -1.000000002943091E-7,
                    0.0000016999999999999996,
                    -0.019488499999999877,
                    1.0000000000000022E-7,
                    0.0000027211108360383236
                ]
            ],
            [
                [
                    0.019926905402281023,
                    0.0000012,
                    -0.000014199999999999998,
                    0.0000116,
                    -0.02236340000000003
                ],
                [
                    0.0000012,
                    0.015192122470287325,
                    -0.0000015999999999999995,
                    -0.007718000000000046,
                    -1.0000000000000022E-7
                ],
                [
                    -0.000014199999999999998,
                    -0.0000015999999999999995,
                    0.018702392571707676,
                    0.0,
                    0.000013499999999999994
                ],
                [
                    0.0000116,
                    -0.007718000000000046,
                    0.0,
                    0.07705723158060626,
                    0.0
                ],
                [
                    -0.02236340000000003,
                    -1.0000000000000022E-7,
                    0.000013499999999999994,
                    0.0,
                    0.05946506398559701
                ]
            ],
            [
                [
                    0.000503198993614673,
                    0.0000034000000000000005,
                    0.000029699999999999997,
                    3E-7,
                    0.0614720999999995
                ],
                [
                    0.0000034000000000000005,
                    0.05488245288239707,
                    -0.0000011999999999999997,
                    0.009362999999999904,
                    -0.0000012999999999999994
                ],
                [
                    0.000029699999999999997,
                    -0.0000011999999999999997,
                    0.004391707445555754,
                    0.0,
                    -0.00002179999999999999
                ],
                [
                    3E-7,
                    0.009362999999999904,
                    0.0,
                    -0.035010394165178677,
                    -3E-7
                ],
                [
                    0.0614720999999995,
                    -0.0000012999999999999994,
                    -0.00002179999999999999,
                    -3E-7,
                    -0.017905310552893017
                ]
            ],
            [
                [
                    -0.030691733674633716,
                    -3E-7,
                    0.0000028999999999999985,
                    0.000016699999999999996,
                    -0.003983600000000142
                ],
                [
                    -3E-7,
                    -0.02482223553639893,
                    0.0000010999999999999996,
                    -0.00032539999999994096,
                    0.0000017000000000000002
                ],
                [
                    0.0000028999999999999985,
                    0.0000010999999999999996,
                    -0.009885900191579587,
                    9.999999999999998E-8,
                    0.000006799999999999998
                ],
                [
                    0.000016699999999999996,
                    -0.00032539999999994096,
                    9.999999999999998E-8,
                    -0.0361639454931469,
                    6.999999999999995E-7
                ],
                [
                    -0.003983600000000142,
                    0.0000017000000000000002,
                    0.000006799999999999998,
                    6.999999999999995E-7,
                    -0.024035826190794116
                ]
            ],
            [
                [
                    0.0,
                    1.9999999999999912E-7,
                    0.014150999999999917,
                    -1.9999999999999912E-7,
                    9.99999999473644E-8
                ],
                [
                    1.9999999999999912E-7,
                    0.0,
                    0.000029099999999999996,
                    0.0,
                    0.0
                ],
                [
                    0.014150999999999917,
                    0.000029099999999999996,
                    0.0,
                    -0.00004389999999999999,
                    -0.011687699999999959
                ],
                [
                    -1.9999999999999912E-7,
                    0.0,
                    -0.00004389999999999999,
                    0.0,
                    0.0
                ],
                [
                    9.99999999473644E-8,
                    0.0,
                    -0.011687699999999959,
                    0.0,
                    0.0
                ]
            ]
        ],
        [
            [
                [
                    0.0,
                    -0.000018099999999999996,
                    -0.00003389999999999999,
                    -0.000029999999999999994,
                    0.0
                ],
                [
                    -0.000018099999999999996,
                    0.0,
                    0.013250600000000097,
                    0.0,
                    -0.000020099999999999997
                ],
                [
                    -0.00003389999999999999,
                    0.013250600000000097,
                    0.0,
                    0.015953800000000004,
                    -1.323488980084844E-21
                ],
                [
                    -0.000029999999999999994,
                    0.0,
                    0.015953800000000004,
                    0.0,
                    -2.000000000000001E-7
                ],
                [
                    0.0,
                    -0.000020099999999999997,
                    -1.323488980084844E-21,
                    -2.000000000000001E-7,
                    0.0
                ]
            ],
            [
                [
                    0.0,
                    9.999999999999995E-7,
                    -0.018634000000000008,
                    -5.999999999999997E-7,
                    1.999999998947288E-7
                ],
                [
                    9.999999999999995E-7,
                    0.0,
                    0.000006099999999999999,
                    0.0,
                    -7.999999999999991E-7
                ],
                [
                    -0.018634000000000008,
                    0.000006099999999999999,
                    0.0,
                    -0.00004389999999999998,
                    0.014733399999999893
                ],
                [
                    -5.999999999999997E-7,
                    0.0,
                    -0.00004389999999999998,
                    -0.0000027211108360383236,
                    9.999999999999997E-8
                ],
                [
                    1.999999998947288E-7,
                    -7.999999999999991E-7,
                    0.014733399999999893,
                    9.999999999999997E-8,
                    0.0000027211495057580263
                ]
            ],
            [
                [
                    0.003507548951914594,
                    -0.0000063,
                    -0.000013699999999999998,
                    -0.000005799999999999999,
                    -0.021790800000000013
                ],
                [
                    -0.0000063,
                    0.001001379344495582,
                    0.0,
                    -0.00028499999999999874,
                    0.0000029999999999999984
                ],
                [
                    -0.000013699999999999998,
                    0.0,
                    -0.011649198690807036,
                    0.0,
                    -0.00002539999999999999
                ],
                [
                    -0.000005799999999999999,
                    -0.00028499999999999874,
                    0.0,
                    0.01693909414981967,
                    9.999999999999997E-7
                ],
                [
                    -0.021790800000000013,
                    0.0000029999999999999984,
                    -0.00002539999999999999,
                    9.999999999999997E-7,
                    0.05314657780304037
                ]
            ],
            [
                [
                    -0.030691733674633716,
                    -3E-7,
                    0.0000028999999999999985,
                    0.000016699999999999996,
                    -0.003983600000000142
                ],
                [
                    -3E-7,
                    -0.02482223553639893,
                    0.0000010999999999999996,
                    -0.00032539999999994096,
                    0.0000017000000000000002
                ],
                [
                    0.0000028999999999999985,
                    0.0000010999999999999996,
                    -0.009885900191579587,
                    9.999999999999998E-8,
                    0.000006799999999999998
                ],
                [
                    0.000016699999999999996,
                    -0.00032539999999994096,
                    9.999999999999998E-8,
                    -0.0361639454931469,
                    6.999999999999995E-7
                ],
                [
                    -0.003983600000000142,
                    0.0000017000000000000002,
                    0.000006799999999999998,
                    6.999999999999995E-7,
                    -0.024035826190794116
                ]
            ],
            [
                [
                    0.019325658598152717,
                    -0.000002599999999999999,
                    0.000026799999999999998,
                    -0.0000108,
                    0.003457299999999954
                ],
                [
                    -0.000002599999999999999,
                    0.015418102061001637,
                    -0.0,
                    0.0023677999999999195,
                    0.0000014999999999999998
                ],
                [
                    0.000026799999999999998,
                    -0.0,
                    -0.006299313142215823,
                    -0.0,
                    -0.00005879999999999998
                ],
                [
                    -0.0000108,
                    0.0023677999999999195,
                    -0.0,
                    0.013652082489607864,
                    0.0000011
                ],
                [
                    0.003457299999999954,
                    0.0000014999999999999998,
                    -0.00005879999999999998,
                    0.0000011,
                    0.01672697021689573
                ]
            ],
            [
                [
                    0.0,
                    -9.999999999999956E-8,
                    -0.01032249999999993,
                    -2.0000000000000044E-7,
