{"number of modes": 6, "number of surfaces": 15, "energies": [[-1.2097489618644028, 0.0, 0.0, 0.0, 0.0, 0.0, 0.0, 0.0, 0.0, 0.0, 0.0, 0.0, 0.0, 0.0, 0.0], [0.0, -1.2097489618644028, 0.0, 0.0, 0.0, 0.0, 0.0, 0.0, 0.0, 0.0, 0.0, 0.0, 0.0, 0.0, 0.0], [0.0, 0.0, -1.2097489618644028, 0.0, 0.0, 0.0, 0.0, 0.0, 0.0, 0.0, 0.0, 0.0, 0.0, 0.0, 0.0], [0.0, 0.0, 0.0, -1.2097489618644028, 0.0, 0.0, 0.0, 0.0, 0.0, 0.0, 0.0, 0.0, 0.0, 0.0, 0.0], [0.0, 0.0, 0.0, 0.0, -1.2097489618644028, 0.0, 0.0, 0.0, 0.0, 0.0, 0.0, 0.0, 0.0, 0.0, 0.0], [0.0, 0.0, 0.0, 0.0, 0.0, -0.7413897138644028, 0.0, 0.0, 2e-09, 0.0, -9e-09, 2.8e-08, 1.3e-08, 9e-09, -0.0], [0.0, 0.0, 0.0, 0.0, 0.0, 0.0, -0.7413897148644029, -0.0, 0.0, 1e-09, -5.2e-08, -4e-09, -8e-09, -1.8e-08, -4e-09], [0.0, 0.0, 0.0, 0.0, 0.0, 0.0, -0.0, -0.7413897128644029, -1e-09, 0.0, -1.1e-08, 7e-09, -6.4e-08, 4e-09, -0.0], [0.0, 0.0, 0.0, 0.0, 0.0, 2e-09, 0.0, -1e-09, -0.7413897128644029, 0.0, -6.2e-08, -2e-09, 1.4e-08, -4.6e-08, 3e-09], [0.0, 0.0, 0.0, 0.0, 0.0, 0.0, 1e-09, 0.0, 0.0, -0.7413897148644029, -1.4e-08, -1.2e-08, -1.5e-08, 1e-09, -4e-09], [0.0, 0.0, 0.0, 0.0, 0.0, -9e-09, -5.2e-08, -1.1e-08, -6.2e-08, -1.4e-08, -0.7413884658644028, -2e-09, 0.0, 0.0, 0.0], [0.0, 0.0, 0.0, 0.0, 0.0, 2.8e-08, -4e-09, 7e-09, -2e-09, -1.2e-08, -2e-09, -0.7413884648644029, -0.0, -1e-09, 0.0], [0.0, 0.0, 0.0, 0.0, 0.0, 1.3e-08, -8e-09, -6.4e-08, 1.4e-08, -1.5e-08, 0.0, -0.0, -0.7413884668644029, -0.0, 1e-09], [0.0, 0.0, 0.0, 0.0, 0.0, 9e-09, -1.8e-08, 4e-09, -4.6e-08, 1e-09, 0.0, -1e-09, -0.0, -0.7413884668644029, 0.0], [0.0, 0.0, 0.0, 0.0, 0.0, -0.0, -4e-09, -0.0, 3e-09, -4e-09, 0.0, 0.0, 1e-09, 0.0, -0.7413884648644029]], "frequencies": [0.022377330690000002, 0.022377330690000002, 0.022513709790000003, 0.08702846295000001, 0.09601460583, 0.09601460583], "electronic transition dipole moments": [["0j", "0j", "0j", "0j", "0j", "(-0.048683+0j)", "(-0.048563+0j)", "(-0.048788+0j)", "(-0.048788+0j)", "(-0.048666+0j)", "(0.048684+0j)", "(0.048564+0j)", "(0.048788+0j)", "(0.048788+0j)", "(0.048667+0j)"], ["0j", "0j", "0j", "0j", "0j", "(-0.003191+0j)", "(-0.004671+0j)", "(7e-06+0j)", "(7e-06+0j)", "(-0.00344+0j)", "(0.003191+0j)", "(0.004671+0j)", "(-7e-06+0j)", "(-7e-06+0j)", "(0.00344+0j)"], ["0j", "0j", "(-0+0j)", "0j", "(-0+0j)", "0j", "(-0+0j)", "0j", "(-0+0j)", "0j", "0j", "0j", "(-0+0j)", "(-0+0j)", "0j"]], "magnetic transition dipole moments": [["0j", "0j", "0j", "0j", "0j", "(-0.048683+0j)", "(-0.048563+0j)", "(-0.048788+0j)", "(-0.048788+0j)", "(-0.048666+0j)", "(0.048684+0j)", "(0.048564+0j)", "(0.048788+0j)", "(0.048788+0j)", "(0.048667+0j)"], ["0j", "0j", "0j", "0j", "0j", "(-0.003191+0j)", "(-0.004671+0j)", "(7e-06+0j)", "(7e-06+0j)", "(-0.00344+0j)", "(0.003191+0j)", "(0.004671+0j)", "(-7e-06+0j)", "(-7e-06+0j)", "(0.00344+0j)"], ["0j", "0j", "(-0+0j)", "0j", "(-0+0j)", "0j", "(-0+0j)", "0j", "(-0+0j)", "0j", "0j", "0j", "(-0+0j)", "(-0+0j)", "0j"]], "linear couplings": [[[-8.163332508114973e-07, 3.899999999999999e-07, 8.000000000000001e-08, 3.1e-07, -1.1e-07, -1.7599999999999999e-06, -6.215e-05, -2.558e-05, 1.122e-05, -3.746e-05, 0.0, -2.01e-06, -1e-08, 0.0, 3.4e-07], [3.899999999999999e-07, -1.0884443344153296e-06, -4.74e-06, -1.621e-05, -1.2139999999999999e-05, -7.029999999999999e-05, -1.8499999999999997e-06, -1.3939999999999999e-05, -3.2e-06, 3.4600000000000003e-06, 4.5759999999999996e-05, 3.0000000000000004e-08, 2e-08, -1e-08, -1.1399999999999999e-06], [8.000000000000001e-08, -4.74e-06, -8.163332508114973e-07, -6.169999999999999e-06, -4.17e-06, -1.9529999999999998e-05, 2.241e-05, 2.96e-06, -1.7499999999999998e-06, 4.193e-05, 2.4129999999999998e-05, -5.199999999999999e-07, 1.999999999999998e-08, -2e-08, -7.699999999999999e-07], [3.1e-07, -1.621e-05, -6.169999999999999e-06, -8.163332508114973e-07, -5.16e-06, -8.746e-05, -1.763e-05, -2.37e-06, 2.9699999999999995e-06, 7.400000000000005e-07, 5.999999999999999e-06, 1.99e-06, 3.0000000000000004e-08, 1.0000000000000023e-08, 7.199999999999999e-07], [-1.1e-07, -1.2139999999999999e-05, -4.17e-06, -5.16e-06, -1.0884443344153296e-06, -3.3719999999999996e-05, 1.709e-05, 3.238e-05, -1.05e-06, -2.86e-06, 8.376999999999999e-05, 2.82e-06, 3.8e-07, -2.3699999999999998e-06, 3.0000000000000004e-08], [-1.7599999999999999e-06, -7.029999999999999e-05, -1.9529999999999998e-05, -8.746e-05, -3.3719999999999996e-05, 0.04822485257672121, 1e-08, -1.223e-05, -3.077e-05, 0.0, 0.00316212, -1.1999999999999996e-07, -1.9e-07, 2.2e-06, -9.999999999999999e-09], [-6.215e-05, -1.8499999999999997e-06, 2.241e-05, -1.763e-05, 1.709e-05, 1e-08, 0.04810593873388375, -3.27e-06, 7.879999999999999e-06, 6.399999999999999e-07, 8.999999999999999e-08, 0.004628479999999999, 1.24e-06, 2.34e-06, -6.999999999999999e-08], [-2.558e-05, -1.3939999999999999e-05, 2.96e-06, -2.37e-06, 3.238e-05, -1.223e-05, -3.27e-06, 0.04832825584030704, -1.325e-05, -2.499e-05, -1.0799999999999998e-06, -1.7e-07, 5.5e-06, -2e-08, 8.899999999999998e-07], [1.122e-05, -3.2e-06, -1.7499999999999998e-06, 2.9699999999999995e-06, -1.05e-06, -3.077e-05, 7.879999999999999e-06, -1.325e-05, 0.04832825584030704, 8e-07, -1.01e-06, 3.7e-07, 6.999999999999999e-08, 5.51e-06, -2.7999999999999997e-07], [-3.746e-05, 3.4600000000000003e-06, 4.193e-05, 7.400000000000005e-07, -2.86e-06, 0.0, 6.399999999999999e-07, -2.499e-05, 8e-07, 0.048207981503923115, -2e-07, -3e-08, 6.999999999999999e-08, 5.599999999999999e-07, -0.00340911], [0.0, 4.5759999999999996e-05, 2.4129999999999998e-05, 5.999999999999999e-06, 8.376999999999999e-05, 0.00316212, 8.999999999999999e-08, -1.0799999999999998e-06, -1.01e-06, -2e-07, -0.048225941021055624, 0.0, -1e-08, -6.672e-05, 0.0], [-2.01e-06, 3.0000000000000004e-08, -5.199999999999999e-07, 1.99e-06, 2.82e-06, -1.1999999999999996e-07, 0.004628479999999999, -1.7e-07, 3.7e-07, -3e-08, 0.0, -0.04810729928930177, -2.5699999999999998e-05, -4.6960000000000004e-05, -1.2000000000000002e-07], [-1e-08, 2e-08, 1.999999999999998e-08, 3.0000000000000004e-08, 3.8e-07, -1.9e-07, 1.24e-06, 5.5e-06, 6.999999999999999e-08, 6.999999999999999e-08, -1e-08, -2.5699999999999998e-05, -0.048329616395725056, 2.843e-05, 3.44e-06], [0.0, -1e-08, -2e-08, 1.0000000000000023e-08, -2.3699999999999998e-06, 2.2e-06, 2.34e-06, -2e-08, 5.51e-06, 5.599999999999999e-07, -6.672e-05, -4.6960000000000004e-05, 2.843e-05, -0.048329616395725056, 1.109e-05], [3.4e-07, -1.1399999999999999e-06, -7.699999999999999e-07, 7.199999999999999e-07, 3.0000000000000004e-08, -9.999999999999999e-09, -6.999999999999999e-08, 8.899999999999998e-07, -2.7999999999999997e-07, -0.00340911, 0.0, -1.2000000000000002e-07, 3.44e-06, 1.109e-05, -0.04820934205934113]], [[2.721110836038324e-07, -1.0999999999999999e-07, 2e-08, 4.5e-07, 4e-08, 1.1000000000000006e-07, 2e-08, 3e-08, -6e-08, 4e-08, -2.761e-05, -6.999999999999999e-08, -6e-08, -7.999999999999999e-08, -6.999999999999999e-08], [-1.0999999999999999e-07, 0.0, 2.1999999999999998e-07, 6.449999999999999e-06, 5.299999999999999e-07, 1.245e-05, 1.2000000000000002e-07, 1.9999999999999997e-08, -6e-08, 5e-08, -1.1589999999999999e-05, -2.7599999999999997e-05, 1.7e-07, 7e-08, 1.9999999999999997e-08], [2e-08, 2.1999999999999998e-07, -5.442221672076648e-07, -9.3e-07, -7e-08, -1.7399999999999999e-06, 0.0, -9.999999999999957e-09, 1e-08, 5e-08, 1.7e-06, -1.2e-07, -2.7649999999999998e-05, 1.1e-07, 8.999999999999999e-08], [4.5e-07, 6.449999999999999e-06, -9.3e-07, 2.721110836038324e-07, -2.26e-06, -5.307e-05, -8e-08, -1e-08, 3.0000000000000004e-08, -6e-08, 4.9479999999999994e-05, -1.3999999999999998e-07, 6e-08, -2.7660000000000003e-05, -2e-08], [4e-08, 5.299999999999999e-07, -7e-08, -2.26e-06, -2.721110836038324e-07, -4.2999999999999995e-06, -1.9999999999999997e-08, 1.41e-06, 1.6e-07, 9.000000000000001e-08, 4.179999999999999e-06, -1.2e-07, -1.34e-06, -3.3e-07, 2.753e-05], [1.1000000000000006e-07, 1.245e-05, -1.7399999999999999e-06, -5.307e-05, -4.2999999999999995e-06, 0.0031630527083203225, -0.0, -0.0, 0.0, 0.0, -0.048225109999999995, 0.0, 0.0, 0.0, 0.0], [2e-08, 1.2000000000000002e-07, 0.0, -8e-08, -1.9999999999999997e-08, -0.0, 0.004629202694665653, 0.0, 0.0, 0.0, 0.0, -0.04810651, 0.0, 0.0, 0.0], [3e-08, 1.9999999999999997e-08, -9.999999999999957e-09, -1e-08, 1.41e-06, -0.0, 0.0, -4.625950292816675e-06, 0.0, -1e-08, 0.0, 0.0, 0.048328880000000005, 0.0, -1e-08], [-6e-08, -6e-08, 1e-08, 3.0000000000000004e-08, 1.6e-07, 0.0, 0.0, 0.0, -4.625950292816675e-06, 0.0, 0.0, 0.0, 0.0, 0.04832871, 0.0], [4e-08, 5e-08, 5e-08, -6e-08, 9.000000000000001e-08, 0.0, 0.0, -1e-08, 0.0, 0.0034101321708377664, 0.0, 0.0, 1e-08, 0.0, 0.0482081], [-2.761e-05, -1.1589999999999999e-05, 1.7e-06, 4.9479999999999994e-05, 4.179999999999999e-06, -0.048225109999999995, 0.0, 0.0, 0.0, 0.0, -0.003163052646448771, 0.0, 0.0, 0.0, 0.0], [-6.999999999999999e-08, -2.7599999999999997e-05, -1.2e-07, -1.3999999999999998e-07, -1.2e-07, 0.0, -0.04810651, 0.0, 0.0, 0.0, 0.0, -0.004629474867620808, 0.0, -0.0, 0.0], [-6e-08, 1.7e-07, -2.7649999999999998e-05, 6e-08, -1.34e-06, 0.0, 0.0, 0.048328880000000005, 0.0, 1e-08, 0.0, 0.0, 4.353839209212843e-06, -0.0, 1e-08], [-7.999999999999999e-08, 7e-08, 1.1e-07, -2.7660000000000003e-05, -3.3e-07, 0.0, 0.0, 0.0, 0.04832871, 0.0, 0.0, -0.0, -0.0, 4.625950292816675e-06, -0.0], [-6.999999999999999e-08, 1.9999999999999997e-08, 8.999999999999999e-08, -2e-08, 2.753e-05, 0.0, 0.0, -1e-08, 0.0, 0.0482081, 0.0, 0.0, 1e-08, -0.0, -0.003409860059754163]], [[0.0, 0.0, 0.0, 0.0, 0.0, -3.6999999999999997e-06, 0.0, 2.2769999999999997e-05, -9.2e-07, -5.929999999999999e-06, -7.1e-07, 1.7e-07, -9.999999999999999e-09, 3.3e-07, -1.34e-06], [0.0, 0.0, 0.0, -0.0, 0.0, -1.3199999999999999e-06, -3.83e-06, 6.88e-06, -9.399999999999999e-07, 2e-06, 1.4999999999999997e-07, -7.6e-07, -7e-08, -5.999999999999998e-08, -2.08e-06], [0.0, 0.0, 0.0, 0.0, 0.0, 3.3899999999999997e-06, -3.448e-05, 4.15e-06, -5.399999999999999e-07, 3.46e-06, 6.040000000000001e-06, 1.7999999999999997e-07, -5.699999999999999e-07, -1.3999999999999998e-07, -4.1999999999999995e-07], [0.0, -0.0, 0.0, 0.0, 0.0, -1.2299999999999999e-06, -3.4999999999999993e-07, 4.6e-06, 4.16e-06, -4.9999999999999996e-06, -2.0000000000000004e-08, 2.9e-07, 1.2000000000000002e-07, -6.399999999999999e-07, 1.7e-07], [0.0, 0.0, 0.0, 0.0, 0.0, 9.129999999999999e-06, -1.1139999999999998e-05, 1.22e-06, 7.199999999999999e-07, -3.72e-06, -1.8499999999999999e-06, -1.7499999999999998e-06, -1.42e-06, -9.999999999999999e-09, 7.1e-07], [-3.6999999999999997e-06, -1.3199999999999999e-06, 3.3899999999999997e-06, -1.2299999999999999e-06, 9.129999999999999e-06, 2.721110836038324e-07, -2.9e-07, 6.000000000000001e-08, 7.999999999999999e-08, 9.99999999999999e-09, -2.33e-06, 1.2219999999999998e-05, 1.7799999999999997e-06, -2.4599999999999993e-06, 4.49e-06], [0.0, -3.83e-06, -3.448e-05, -3.4999999999999993e-07, -1.1139999999999998e-05, -2.9e-07, -2.721110836038324e-07, 8.699999999999999e-07, -1.2099999999999998e-06, 4.3e-07, -1.1269999999999999e-05, -1.602e-05, -1.445e-05, 2.736e-05, -1.6729999999999997e-05], [2.2769999999999997e-05, 6.88e-06, 4.15e-06, 4.6e-06, 1.22e-06, 6.000000000000001e-08, 8.699999999999999e-07, 5.442221672076648e-07, 2.7999999999999997e-07, 2.7999999999999997e-07, 2.03e-06, -2.195e-05, -2.3699999999999998e-06, 8.14e-06, 1.6299999999999999e-06], [-9.2e-07, -9.399999999999999e-07, -5.399999999999999e-07, 4.16e-06, 7.199999999999999e-07, 7.999999999999999e-08, -1.2099999999999998e-06, 2.7999999999999997e-07, 5.442221672076648e-07, 4.3999999999999997e-07, -2.4500000000000003e-06, 4.11e-05, -1.1469999999999999e-05, -3.7999999999999996e-06, 1.3099999999999998e-05], [-5.929999999999999e-06, 2e-06, 3.46e-06, -4.9999999999999996e-06, -3.72e-06, 9.99999999999999e-09, 4.3e-07, 2.7999999999999997e-07, 4.3999999999999997e-07, 0.0, 4.5e-06, -1.021e-05, -5.85e-06, -1.1419999999999999e-05, 7.66e-06], [-7.1e-07, 1.4999999999999997e-07, 6.040000000000001e-06, -2.0000000000000004e-08, -1.8499999999999999e-06, -2.33e-06, -1.1269999999999999e-05, 2.03e-06, -2.4500000000000003e-06, 4.5e-06, 0.0, -1.6e-07, 8.999999999999997e-08, -3.0000000000000004e-08, 1.0999999999999999e-07], [1.7e-07, -7.6e-07, 1.7999999999999997e-07, 2.9e-07, -1.7499999999999998e-06, 1.2219999999999998e-05, -1.602e-05, -2.195e-05, 4.11e-05, -1.021e-05, -1.6e-07, 0.0, -1.02e-06, 2.1099999999999997e-06, -6e-08], [-9.999999999999999e-09, -7e-08, -5.699999999999999e-07, 1.2000000000000002e-07, -1.42e-06, 1.7799999999999997e-06, -1.445e-05, -2.3699999999999998e-06, -1.1469999999999999e-05, -5.85e-06, 8.999999999999997e-08, -1.02e-06, -5.442221672076648e-07, -1.8999999999999998e-07, -2.9e-07], [3.3e-07, -5.999999999999998e-08, -1.3999999999999998e-07, -6.399999999999999e-07, -9.999999999999999e-09, -2.4599999999999993e-06, 2.736e-05, 8.14e-06, -3.7999999999999996e-06, -1.1419999999999999e-05, -3.0000000000000004e-08, 2.1099999999999997e-06, -1.8999999999999998e-07, -8.163332508114973e-07, 4.3999999999999997e-07], [-1.34e-06, -2.08e-06, -4.1999999999999995e-07, 1.7e-07, 7.1e-07, 4.49e-06, -1.6729999999999997e-05, 1.6299999999999999e-06, 1.3099999999999998e-05, 7.66e-06, 1.0999999999999999e-07, -6e-08, -2.9e-07, 4.3999999999999997e-07, 0.0]], [[0.023968341953739362, 0.0, 0.0, 0.0, 0.0, 0.0, 0.0, 0.0, 0.0, 0.0, 0.0, 0.0, 0.0, 0.0, 0.0], [0.0, 0.023968341953739362, 0.0, 0.0, 0.0, 0.0, 0.0, 0.0, 0.0, 0.0, 0.0, 0.0, 0.0, 0.0, 0.0], [0.0, 0.0, 0.023968341953739362, 0.0, 0.0, 0.0, 0.0, 0.0, 0.0, 0.0, 0.0, 0.0, 0.0, 0.0, 0.0], [0.0, 0.0, 0.0, 0.023968341953739362, 0.0, 0.0, 0.0, 0.0, 0.0, 0.0, 0.0, 0.0, 0.0, 0.0, 0.0], [0.0, 0.0, 0.0, 0.0, 0.023968341953739362, 0.0, 0.0, 0.0, 0.0, 0.0, 0.0, 0.0, 0.0, 0.0, 0.0], [0.0, 0.0, 0.0, 0.0, 0.0, -0.019571796648545494, -1e-08, -0.0, -1e-08, -1e-08, -1.62e-06, 1e-07, -1.6e-07, 1.2999999999999997e-07, -2.0000000000000004e-08], [0.0, 0.0, 0.0, 0.0, 0.0, -1e-08, -0.019571796648545494, 2e-08, -1e-08, 0.0, 1.4999999999999997e-07, -2.4899999999999995e-06, 6.000000000000001e-08, -1.2999999999999997e-07, 5e-08], [0.0, 0.0, 0.0, 0.0, 0.0, -0.0, 2e-08, -0.019571796648545494, -0.0, -1e-08, 8.999999999999999e-08, -1.8000000000000002e-07, 5.599999999999999e-07, -1.3999999999999998e-07, -6e-08], [0.0, 0.0, 0.0, 0.0, 0.0, -1e-08, -1e-08, -0.0, -0.019571796648545494, 0.0, 2.4999999999999994e-07, 5.999999999999998e-08, -1.2000000000000002e-07, 7.3e-07, 6e-08], [0.0, 0.0, 0.0, 0.0, 0.0, -1e-08, 0.0, -1e-08, 0.0, -0.019571796648545494, 3.0000000000000004e-08, 6e-08, -1.9e-07, -6.999999999999999e-08, 1.7599999999999999e-06], [0.0, 0.0, 0.0, 0.0, 0.0, -1.62e-06, 1.4999999999999997e-07, 8.999999999999999e-08, 2.4999999999999994e-07, 3.0000000000000004e-08, -0.019538326675904466, 2e-08, -1e-08, 1e-08, -0.0], [0.0, 0.0, 0.0, 0.0, 0.0, 1e-07, -2.4899999999999995e-06, -1.8000000000000002e-07, 5.999999999999998e-08, 6e-08, 2e-08, -0.019538054564820863, 0.0, -1e-08, -0.0], [0.0, 0.0, 0.0, 0.0, 0.0, -1.6e-07, 6.000000000000001e-08, 5.599999999999999e-07, -1.2000000000000002e-07, -1.9e-07, -1e-08, 0.0, -0.019538054564820863, 0.0, 1e-08], [0.0, 0.0, 0.0, 0.0, 0.0, 1.2999999999999997e-07, -1.2999999999999997e-07, -1.3999999999999998e-07, 7.3e-07, -6.999999999999999e-08, 1e-08, -1e-08, 0.0, -0.019538054564820863, 0.0], [0.0, 0.0, 0.0, 0.0, 0.0, -2.0000000000000004e-08, 5e-08, -6e-08, 6e-08, 1.7599999999999999e-06, -0.0, -0.0, 1e-08, 0.0, -0.01953778245373726]], [[-0.00022177288425608135, 0.0, 0.0, 0.0, 0.0, 0.0, 0.0, 0.0, 0.0, 0.0, 0.0, 0.0, 0.0, 0.0, 0.0], [0.0, -0.00022177288425608135, 0.0, 0.0, 0.0, 0.0, 0.0, 0.0, 0.0, 0.0, 0.0, 0.0, 0.0, 0.0, 0.0], [0.0, 0.0, -0.0002215007731724775, 0.0, 0.0, 0.0, 0.0, 0.0, 0.0, 0.0, 0.0, 0.0, 0.0, 0.0, 0.0], [0.0, 0.0, 0.0, -0.00022177288425608135, 0.0, 0.0, 0.0, 0.0, 0.0, 0.0, 0.0, 0.0, 0.0, 0.0, 0.0], [0.0, 0.0, 0.0, 0.0, -0.00022204499533968517, 0.0, 0.0, 0.0, 0.0, 0.0, 0.0, 0.0, 0.0, 0.0, 0.0], [0.0, 0.0, 0.0, 0.0, 0.0, -0.0053990131172256955, 0.0, 0.0, 0.0, 0.0, 0.07891587, -0.0, 0.0, -0.0, -0.0], [0.0, 0.0, 0.0, 0.0, 0.0, 0.0, -0.007798786130864019, 1e-08, -0.0, 0.0, 0.0, 0.07872172999999999, -1e-08, 0.0, 0.0], [0.0, 0.0, 0.0, 0.0, 0.0, 0.0, 1e-08, -0.0002138816009600187, -0.0, -4e-08, 0.0, -1e-08, -0.07908357, -0.0, -4e-08], [0.0, 0.0, 0.0, 0.0, 0.0, 0.0, -0.0, -0.0, -0.0002157863785452455, -0.0, -0.0, 0.0, 0.0, -0.07908551999999999, 0.0], [0.0, 0.0, 0.0, 0.0, 0.0, 0.0, 0.0, -4e-08, -0.0, -0.005805551345266877, -0.0, 0.0, 4e-08, -0.0, -0.07889027], [0.0, 0.0, 0.0, 0.0, 0.0, 0.07891587, 0.0, 0.0, -0.0, -0.0, 0.004955739459797137, 0.0, 0.0, 0.0, 0.0], [0.0, 0.0, 0.0, 0.0, 0.0, -0.0, 0.07872172999999999, -1e-08, 0.0, 0.0, 0.0, 0.007355240362351857, 1e-08, -0.0, 0.0], [0.0, 0.0, 0.0, 0.0, 0.0, 0.0, -1e-08, -0.07908357, 0.0, 4e-08, 0.0, 1e-08, -0.00022585455051013883, 0.0, 4e-08], [0.0, 0.0, 0.0, 0.0, 0.0, -0.0, 0.0, -0.0, -0.07908551999999999, -0.0, 0.0, -0.0, 0.0, -0.0002277593899669172, 0.0], [0.0, 0.0, 0.0, 0.0, 0.0, -0.0, 0.0, -4e-08, 0.0, -0.07889027, 0.0, 0.0, 4e-08, 0.0, 0.005357923910500656]], [[-3.809617042005178e-06, 0.0, 0.0, 0.0, 0.0, 0.0, 0.0, 0.0, 0.0, 0.0, 0.0, 0.0, 0.0, 0.0, 0.0], [0.0, -3.5375059584013456e-06, 0.0, 0.0, 0.0, 0.0, 0.0, 0.0, 0.0, 0.0, 0.0, 0.0, 0.0, 0.0, 0.0], [0.0, 0.0, -3.809617042005178e-06, 0.0, 0.0, 0.0, 0.0, 0.0, 0.0, 0.0, 0.0, 0.0, 0.0, 0.0, 0.0], [0.0, 0.0, 0.0, -3.809617042005178e-06, 0.0, 0.0, 0.0, 0.0, 0.0, 0.0, 0.0, 0.0, 0.0, 0.0, 0.0], [0.0, 0.0, 0.0, 0.0, -3.809617042005178e-06, 0.0, 0.0, 0.0, 0.0, 0.0, 0.0, 0.0, 0.0, 0.0, 0.0], [0.0, 0.0, 0.0, 0.0, 0.0, 0.07891196032426395, 0.0, 8.449999999999999e-06, -3.2409999999999996e-05, 0.0, 0.00517662, 9.999999999999998e-08, 3.4e-07, 1.7e-07, 3.0000000000000004e-08], [0.0, 0.0, 0.0, 0.0, 0.0, 0.0, 0.07871794307989322, 9.3e-06, -1.034e-05, 0.0, -8e-08, 0.0075762500000000005, -1.01e-06, -8.199999999999999e-07, 4e-08], [0.0, 0.0, 0.0, 0.0, 0.0, 8.449999999999999e-06, 9.3e-06, 0.07908148732362413, -1.1619999999999997e-05, 9.17e-06, 3.3e-07, 5.1e-07, 7.09e-06, 0.0, -4.2000000000000006e-07], [0.0, 0.0, 0.0, 0.0, 0.0, -3.2409999999999996e-05, -1.034e-05, -1.1619999999999997e-05, 0.07908148732362413, 3.1169999999999995e-05, -1.01e-06, -5.3e-07, -1.3999999999999998e-07, 7.08e-06, -1.1299999999999998e-06], [0.0, 0.0, 0.0, 0.0, 0.0, 0.0, 0.0, 9.17e-06, 3.1169999999999995e-05, 0.07888447685733375, 4e-08, -6.000000000000001e-08, -5.399999999999999e-07, 1e-07, -0.005580809999999999], [0.0, 0.0, 0.0, 0.0, 0.0, 0.00517662, -8e-08, 3.3e-07, -1.01e-06, 4e-08, -0.07892556600218724, 0.0, -7.04e-06, -7.069999999999999e-06, 1.4e-06], [0.0, 0.0, 0.0, 0.0, 0.0, 9.999999999999998e-08, 0.0075762500000000005, 5.1e-07, -5.3e-07, -6.000000000000001e-08, 0.0, -0.0787312766467329, 1.9489999999999998e-05, 1.751e-05, 0.0], [0.0, 0.0, 0.0, 0.0, 0.0, 3.4e-07, -1.01e-06, 7.09e-06, -1.3999999999999998e-07, -5.399999999999999e-07, -7.04e-06, 1.9489999999999998e-05, -0.07909509306341897, -1.18e-05, -1.581e-05], [0.0, 0.0, 0.0, 0.0, 0.0, 1.7e-07, -8.199999999999999e-07, 0.0, 7.08e-06, 1e-07, -7.069999999999999e-06, 1.751e-05, -1.18e-05, -0.07909509306341897, 4.4e-07], [0.0, 0.0, 0.0, 0.0, 0.0, 3.0000000000000004e-08, 4e-08, -4.2000000000000006e-07, -1.1299999999999998e-06, -0.005580809999999999, 1.4e-06, 0.0, -1.581e-05, 4.4e-07, -0.07889808253525704]]], "quadratic couplings": [[[[-0.009266880089691945, -3.8199999999999993e-05, -6.599999999999999e-06, -9.999999999999997e-07, -3.8599999999999996e-05, -0.00010079999999999997, -0.0006965999999999998, -0.0008785999999999999, -0.00032719999999999993, 8.909999999999997e-05, 1.0199999999999997e-05, 8.189999999999998e-05, 8.999999999999999e-06, -0.00013949999999999998, 4.199999999999999e-06], [-3.8199999999999993e-05, -0.009261437868019867, -9.289999999999998e-05, -8.389999999999998e-05, 0.0001746, -0.0004965999999999998, -0.00018259999999999997, -0.00027919999999999996, 6.399999999999999e-06, -0.0004681, 0.0006900999999999999, 1.0399999999999999e-05, 1.9999999999999996e-07, 7e-07, 2.49e-05], [-6.599999999999999e-06, -9.289999999999998e-05, -0.00925599564634779, -2.3899999999999995e-05, -3.6999999999999968e-06, -0.00029069999999999996, 0.00021939999999999997, -5.659999999999999e-05, -0.00010429999999999999, -0.0006607, 5.059999999999999e-05, 1.0499999999999998e-05, 1.0199999999999999e-05, -1.9999999999999994e-07, 2.3499999999999995e-05], [-9.999999999999997e-07, -8.389999999999998e-05, -2.3899999999999995e-05, -0.009261437868019867, 7.989999999999999e-05, -0.0002861999999999999, -4.029999999999999e-05, -0.00038319999999999994, -6.29e-05, 8.699999999999998e-06, -5.93e-05, 3.899999999999998e-06, 3.9999999999999993e-07, 1.0599999999999997e-05, 7.399999999999999e-06], [-3.8599999999999996e-05, 0.0001746, -3.6999999999999968e-06, 7.989999999999999e-05, -0.009261437868019867, 0.0005522999999999998, -0.0005698999999999999, 0.0005298999999999999, -2.779999999999999e-05, -0.000127, -0.0006097999999999999, -2.7599999999999993e-05, 0.00020329999999999995, 3e-07, -9.699999999999997e-06], [-0.00010079999999999997, -0.0004965999999999998, -0.00029069999999999996, -0.0002861999999999999, 0.0005522999999999998, -0.016194902524107345, -2.1099999999999998e-05, -0.00023059999999999997, -0.0004139999999999999, -1.1299999999999999e-05, -0.00038739999999999684, -5.099999999999999e-06, -1.2e-06, -6.099999999999999e-06, -1.7999999999999995e-06], [-0.0006965999999999998, -0.00018259999999999997, 0.00021939999999999997, -4.029999999999999e-05, -0.0005698999999999999, -2.1099999999999998e-05, -0.016181295732496125, 4.089999999999999e-05, -0.00022719999999999997, -1.9999999999999996e-07, 9.299999999999997e-06, -0.000568800000000002, 2.2199999999999998e-05, 3.3999999999999988e-06, 7e-07], [-0.0008785999999999999, -0.00027919999999999996, -5.659999999999999e-05, -0.00038319999999999994, 0.0005298999999999999, -0.00023059999999999997, 4.089999999999999e-05, -0.016208506840856507, -0.00019019999999999996, 0.0003469, -4.699999999999999e-06, 3e-07, 1.2200000000000002e-05, 1.8999999999999994e-06, -1.07e-05], [-0.00032719999999999993, 6.399999999999999e-06, -0.00010429999999999999, -6.29e-05, -2.779999999999999e-05, -0.0004139999999999999, -0.00022719999999999997, -0.00019019999999999996, -0.016208506840856507, -0.0004704999999999999, -1.9999999999999912e-07, -9.199999999999998e-06, -3.499999999999999e-06, 8.499999999999998e-06, 1.6299999999999996e-05], [8.909999999999997e-05, -0.0004681, -0.0006607, 8.699999999999998e-06, -0.000127, -1.1299999999999999e-05, -1.9999999999999996e-07, 0.0003469, -0.0004704999999999999, -0.016192180175840277, 1.6999999999999996e-06, 2.5999999999999997e-06, 3.599999999999999e-06, -1.4099999999999997e-05, 0.00042030000000000225], [1.0199999999999997e-05, 0.0006900999999999999, 5.059999999999999e-05, -5.93e-05, -0.0006097999999999999, -0.00038739999999999684, 9.299999999999997e-06, -4.699999999999999e-06, -1.9999999999999912e-07, 1.6999999999999996e-06, -0.004575635511120654, -2.1999999999999993e-05, 2.6099999999999987e-05, 7.839999999999998e-05, 8.999999999999999e-06], [8.189999999999998e-05, 1.0399999999999999e-05, 1.0499999999999998e-05, 3.899999999999998e-06, -2.7599999999999993e-05, -5.099999999999999e-06, -0.000568800000000002, 3e-07, -9.199999999999998e-06, 2.5999999999999997e-06, -2.1999999999999993e-05, -0.004591962176136884, -0.0004696999999999999, 2.96e-05, 0.0], [8.999999999999999e-06, 1.9999999999999996e-07, 1.0199999999999999e-05, 3.9999999999999993e-07, 0.00020329999999999995, -1.2e-06, 2.2199999999999998e-05, 1.2200000000000002e-05, -3.499999999999999e-06, 3.599999999999999e-06, 2.6099999999999987e-05, -0.0004696999999999999, -0.004559308846104424, -0.00046989999999999993, 2.24e-05], [-0.00013949999999999998, 7e-07, -1.9999999999999994e-07, 1.0599999999999997e-05, 3e-07, -6.099999999999999e-06, 3.3999999999999988e-06, 1.8999999999999994e-06, 8.499999999999998e-06, -1.4099999999999997e-05, 7.839999999999998e-05, 2.96e-05, -0.00046989999999999993, -0.004559308846104424, -0.00038449999999999986], [4.199999999999999e-06, 2.49e-05, 2.3499999999999995e-05, 7.399999999999999e-06, -9.699999999999997e-06, -1.7999999999999995e-06, 7e-07, -1.07e-05, 1.6299999999999996e-05, 0.00042030000000000225, 8.999999999999999e-06, 0.0, 2.24e-05, -0.00038449999999999986, -0.004581077732792732]], [[-0.0025551502985226566, 2.4999999999999994e-06, 1.3999999999999997e-06, 9.999999999999997e-07, -5.999999999999999e-07, -5.7999999999999995e-06, -9.999999999999997e-08, -8.999999999999997e-07, -1.0999999999999998e-06, 1.9999999999999996e-07, 0.0004229, -3.999999999999999e-07, -1.0000000000000005e-07, 9.999999999999997e-07, -0.00036539999999999994], [2.4999999999999994e-06, -0.002500727463086375, -3.6e-06, -2.9999999999999997e-06, 1.3999999999999995e-06, 5.839999999999999e-05, -5.799999999999998e-06, -1.0999999999999996e-06, -1.8299999999999998e-05, -1.9999999999999996e-07, -9.569999999999997e-05, 0.00044449999999999996, -7e-07, 1.0099999999999996e-05, -7.999999999999999e-07], [1.3999999999999997e-06, -3.6e-06, -0.00254970807685058, -1.3999999999999997e-06, 7.999999999999999e-07, 3.06e-05, -1.5999999999999997e-06, 4.699999999999999e-06, -1.9999999999999995e-06, -4.999999999999999e-07, -5.3299999999999995e-05, -1.2999999999999998e-06, 0.0003792999999999999, 2.9999999999999967e-07, -1.9999999999999995e-06], [9.999999999999997e-07, -2.9999999999999997e-06, -1.3999999999999997e-06, -0.002598688690614785, 4.999999999999999e-07, 2.35e-05, -9.999999999999997e-08, 6.999999999999999e-07, 5.199999999999998e-06, -1.4999999999999998e-06, -3.959999999999999e-05, 2.7999999999999994e-06, 1.4999999999999996e-06, 0.00037999999999999997, -2.7e-06], [-5.999999999999999e-07, 1.3999999999999995e-06, 7.999999999999999e-07, 4.999999999999999e-07, -0.0025469869660145416, 8.299999999999998e-05, 1.6999999999999996e-06, -1.9999999999999994e-07, -2.5999999999999992e-06, -6.099999999999999e-06, 2.2399999999999996e-05, -1.9999999999999995e-06, -2.4e-06, 1.0999999999999998e-06, -0.00042829999999999995], [-5.7999999999999995e-06, 5.839999999999999e-05, 3.06e-05, 2.35e-05, 8.299999999999998e-05, -0.0021714693396326463, 0.0, 0.0, 0.0, -7.399999999999998e-05, -0.0058134999999999515, 0.0, 0.0, 0.0, -3.9999999999999993e-07], [-9.999999999999997e-08, -5.799999999999998e-06, -1.5999999999999997e-06, -9.999999999999997e-08, 1.6999999999999996e-06, 0.0, -0.0019918741683075713, 0.0, 0.0, 0.0, 0.0, -0.0057979000000000095, 0.0, 0.0, -9.999999999999998e-08], [-8.999999999999997e-07, -1.0999999999999996e-06, 4.699999999999999e-06, 6.999999999999999e-07, -1.9999999999999994e-07, 0.0, 0.0, -0.002552428568971103, 0.0, 0.00016089999999999995, -9.999999999999998e-08, 0.0, 0.005824900000000023, -9.999999999999998e-08, 0.0], [-1.0999999999999998e-06, -1.8299999999999998e-05, -1.9999999999999995e-06, 5.199999999999998e-06, -2.5999999999999992e-06, 0.0, 0.0, 0.0, -0.0025497074581350646, 0.0, 0.0, 0.0, 0.0, 0.005826500000000048, 0.0], [1.9999999999999996e-07, -1.9999999999999996e-07, -4.999999999999999e-07, -1.4999999999999998e-06, -6.099999999999999e-06, -7.399999999999998e-05, 0.0, 0.00016089999999999995, 0.0, -0.002138815390884671, 0.0, 0.0, -9.999999999999997e-06, 0.0, 0.00581100000000001], [0.0004229, -9.569999999999997e-05, -5.3299999999999995e-05, -3.959999999999999e-05, 2.2399999999999996e-05, -0.0058134999999999515, 0.0, -9.999999999999998e-08, 0.0, 0.0, -0.002930667306189037, 0.0, 0.0, 0.0, 7.239999999999998e-05], [-3.999999999999999e-07, 0.00044449999999999996, -1.2999999999999998e-06, 2.7999999999999994e-06, -1.9999999999999995e-06, 0.0, -0.0057979000000000095, 0.0, 0.0, 0.0, 0.0, -0.0031048208745575504, 0.0, 0.0, 0.0], [-1.0000000000000005e-07, -7e-07, 0.0003792999999999999, 1.4999999999999996e-06, -2.4e-06, 0.0, 0.0, 0.005824900000000023, 0.0, -9.999999999999997e-06, 0.0, 0.0, -0.0025497074581350646, 0.0, 0.00012429999999999999], [9.999999999999997e-07, 1.0099999999999996e-05, 2.9999999999999967e-07, 0.00037999999999999997, 1.0999999999999998e-06, 0.0, 0.0, -9.999999999999998e-08, 0.005826500000000048, 0.0, 0.0, 0.0, 0.0, -0.0025497074581350646, 0.0], [-0.00036539999999999994, -7.999999999999999e-07, -1.9999999999999995e-06, -2.7e-06, -0.00042829999999999995, -3.9999999999999993e-07, -9.999999999999998e-08, 0.0, 0.0, 0.00581100000000001, 7.239999999999998e-05, 0.0, 0.00012429999999999999, 0.0, -0.002957879033264935]], [[0.009322623481318706, 4.169999999999999e-05, 5.2399999999999986e-05, -0.00013499999999999995, -0.00020229999999999996, -8.999999999999999e-06, 9.699999999999999e-06, 0.0, 2.9999999999999993e-07, 0.00018309999999999995, 0.0008944999999999998, -0.00018969999999999998, -0.00023719999999999994, 5.4599999999999965e-05, -1.599999999999993e-06], [4.169999999999999e-05, 0.009328066321706296, 0.00027209999999999995, -0.00037109999999999997, 0.0002563, 6.5999999999999995e-06, -2.3099999999999996e-05, -5.999999999999999e-07, 0.00034369999999999995, 5.599999999999999e-06, 0.00022559999999999995, 0.0008762999999999999, -1.499999999999998e-05, -0.0002838999999999999, 0.00017649999999999995], [5.2399999999999986e-05, 0.00027209999999999995, 0.00932262410003422, 2.669999999999999e-05, -0.00044259999999999997, -2.0999999999999995e-05, 1.7299999999999994e-05, -2.0099999999999994e-05, 0.0002586999999999999, -5.100000000000001e-06, 0.00011789999999999998, -0.0003586999999999999, 0.0009250999999999998, 0.00014389999999999997, -0.000133], [-0.00013499999999999995, -0.00037109999999999997, 2.669999999999999e-05, 0.009328065702990782, -0.0001557, -6.699999999999998e-06, -3.5000000000000004e-06, 7.999999999999999e-07, -1.96e-05, -7.899999999999999e-06, 0.00030289999999999994, 5.839999999999997e-05, 0.00023209999999999998, 0.0009008999999999998, -0.0002203], [-0.00020229999999999996, 0.0002563, -0.00044259999999999997, -0.0001557, 0.009325344592154745, -0.00035699999999999995, 1.4899999999999995e-05, -0.0006002999999999999, -0.00018629999999999997, -8.599999999999999e-06, 4.739999999999999e-05, 0.00025889999999999995, -0.00032679999999999987, -0.00025689999999999996, -0.0008086999999999998], [-8.999999999999999e-06, 6.5999999999999995e-06, -2.0999999999999995e-05, -6.699999999999998e-06, -0.00035699999999999995, 0.009330787432542335, -3e-07, 0.0002748999999999999, 0.00015129999999999996, 1.4799999999999997e-05, 2.999999999993025e-07, 2.9999999999999992e-06, -1.82e-05, 7.4999999999999985e-06, 7.999999999999999e-07], [9.699999999999999e-06, -2.3099999999999996e-05, 1.7299999999999994e-05, -3.5000000000000004e-06, 1.4899999999999995e-05, -3e-07, 0.009319902989198181, 0.0004640999999999999, 0.0001186, 0.0, 4.5e-06, -1.0000000000157451e-07, 4.189999999999999e-05, 9.399999999999998e-06, 5.999999999999999e-07], [0.0, -5.999999999999999e-07, -2.0099999999999994e-05, 7.999999999999999e-07, -0.0006002999999999999, 0.0002748999999999999, 0.0004640999999999999, 0.009328066321706296, 0.0006008999999999998, 0.0, 1.0199999999999997e-05, 2.2399999999999996e-05, -0.0004764999999999999, -5.999999999999999e-07, -1.9999999999999995e-06], [2.9999999999999993e-07, 0.00034369999999999995, 0.0002586999999999999, -1.96e-05, -0.00018629999999999997, 0.00015129999999999996, 0.0001186, 0.0006008999999999998, 0.00932262410003422, 0.00037849999999999993, 8.399999999999998e-06, 5.699999999999998e-06, -1.6000000000000001e-06, -0.00047639999999999987, -1.1899999999999998e-05], [0.00018309999999999995, 5.599999999999999e-06, -5.100000000000001e-06, -7.899999999999999e-06, -8.599999999999999e-06, 1.4799999999999997e-05, 0.0, 0.0, 0.00037849999999999993, 0.009319903607913698, -2.0999999999999994e-06, 6e-07, 7.4999999999999985e-06, -2.0799999999999997e-05, 9.99999999999482e-07], [0.0008944999999999998, 0.00022559999999999995, 0.00011789999999999998, 0.00030289999999999994, 4.739999999999999e-05, 2.999999999993025e-07, 4.5e-06, 1.0199999999999997e-05, 8.399999999999998e-06, -2.0999999999999994e-06, 0.009322624718749737, 3e-07, 0.0006473999999999998, -0.00029539999999999997, -1.1499999999999998e-05], [-0.00018969999999999998, 0.0008762999999999999, -0.0003586999999999999, 5.839999999999997e-05, 0.00025889999999999995, 2.9999999999999992e-06, -1.0000000000157451e-07, 2.2399999999999996e-05, 5.699999999999998e-06, 6e-07, 3e-07, 0.00932534521087026, -0.0008731999999999999, -0.00019719999999999994, 0.0], [-0.00023719999999999994, -1.499999999999998e-05, 0.0009250999999999998, 0.00023209999999999998, -0.00032679999999999987, -1.82e-05, 4.189999999999999e-05, -0.0004764999999999999, -1.6000000000000001e-06, 7.4999999999999985e-06, 0.0006473999999999998, -0.0008731999999999999, 0.00932262410003422, -0.00018399999999999995, 4.519999999999998e-05], [5.4599999999999965e-05, -0.0002838999999999999, 0.00014389999999999997, 0.0009008999999999998, -0.00025689999999999996, 7.4999999999999985e-06, 9.399999999999998e-06, -5.999999999999999e-07, -0.00047639999999999987, -2.0799999999999997e-05, -0.00029539999999999997, -0.00019719999999999994, -0.00018399999999999995, 0.00932262410003422, -0.0005466999999999998], [-1.599999999999993e-06, 0.00017649999999999995, -0.000133, -0.0002203, -0.0008086999999999998, 7.999999999999999e-07, 5.999999999999999e-07, -1.9999999999999995e-06, -1.1899999999999998e-05, 9.99999999999482e-07, -1.1499999999999998e-05, 0.0, 4.519999999999998e-05, -0.0005466999999999998, 0.009330788051257852]], [[0.02244123865156591, -5.919999999999999e-05, -9.8e-05, 0.0001191, 0.00015769999999999998, -8.739999999999998e-05, 0.0011971999999999998, 0.0010350999999999997, 0.0007226999999999998, 0.0004524999999999999, -2.8999999999999998e-06, 0.0008398999999999999, -0.0013997999999999999, -0.00025469999999999996, 6.639999999999999e-05], [-5.919999999999999e-05, 0.022879342445892202, -7.069999999999997e-05, -0.00011039999999999997, 6.939999999999998e-05, -0.00023559999999999998, -7.84e-05, -0.00018139999999999996, -6.339999999999998e-05, 0.0002896999999999999, -9.62e-05, -7.699999999999999e-06, 5.299999999999998e-06, 1.9999999999999996e-07, -4.899999999999999e-06], [-9.8e-05, -7.069999999999997e-05, 0.022658929993311035, -0.0003885999999999999, -9.459999999999997e-05, 0.0005882999999999998, -0.00020429999999999998, 8.609999999999998e-05, -2.2199999999999998e-05, -7.38e-05, 0.0003687999999999999, 3.529999999999999e-05, -6.099999999999999e-06, -3.9999999999999993e-07, 5.2999999999999975e-06], [0.0001191, -0.00011039999999999997, -0.0003885999999999999, 0.022656208882474996, 0.00038819999999999995, 0.0006462999999999998, 9.659999999999999e-05, -0.0002193999999999999, 8.779999999999998e-05, 7.03e-05, -7.649999999999999e-05, -0.00043029999999999994, -0.0001288, -7.5999999999999975e-06, -2.8099999999999992e-05], [0.00015769999999999998, 6.939999999999998e-05, -9.459999999999997e-05, 0.00038819999999999995, 0.022658929993311035, -0.0008102999999999999, -0.00014349999999999996, 0.00037749999999999996, 0.0005337, -6.899999999999998e-05, -0.00030499999999999993, 0.0006649999999999999, 0.0006624, -9.899999999999998e-05, 4.799999999999998e-06], [-8.739999999999998e-05, -0.00023559999999999998, 0.0005882999999999998, 0.0006462999999999998, -0.0008102999999999999, 0.019516013567048948, -9.999999999999998e-08, 8.48e-05, -0.0002197, 0.0, -0.00021980000000000214, 1.9999999999999989e-07, -9.999999999999989e-08, 4.199999999999999e-06, -6.999999999999999e-07], [0.0011971999999999998, -7.84e-05, -0.00020429999999999998, 9.659999999999999e-05, -0.00014349999999999996, -9.999999999999998e-08, 0.01952145517000551, -0.0003586, -0.00022509999999999997, 1.1399999999999998e-05, 1e-06, -0.0003152999999999988, 6.999999999999998e-06, 6.399999999999998e-06, 1.3999999999999997e-06], [0.0010350999999999997, -0.00018139999999999996, 8.609999999999998e-05, -0.0002193999999999999, 0.00037749999999999996, 8.48e-05, -0.0003586, 0.019510570726661357, -0.0002950999999999999, 0.0005929999999999999, 5.3e-06, -1.82e-05, 1.3699999999999989e-05, -1.9999999999999996e-07, -2.14e-05], [0.0007226999999999998, -6.339999999999998e-05, -2.2199999999999998e-05, 8.779999999999998e-05, 0.0005337, -0.0002197, -0.00022509999999999997, -0.0002950999999999999, 0.019510570726661357, -9.649999999999999e-05, -8.999999999999999e-06, -1.0599999999999998e-05, -9.999999999999998e-08, 1.3700000000000004e-05, 2.8e-06], [0.0004524999999999999, 0.0002896999999999999, -7.38e-05, 7.03e-05, -6.899999999999998e-05, 0.0, 1.1399999999999998e-05, 0.0005929999999999999, -9.649999999999999e-05, 0.019516012948333432, 7.999999999999998e-07, 3.4999999999999995e-06, -3.7999999999999996e-06, -4.8e-06, 0.00023589999999999543], [-2.8999999999999998e-06, -9.62e-05, 0.0003687999999999999, -7.649999999999999e-05, -0.00030499999999999993, -0.00021980000000000214, 1e-06, 5.3e-06, -8.999999999999999e-06, 7.999999999999998e-07, 0.025796404197901045, 1.4499999999999997e-05, -6.929999999999999e-05, -0.00011729999999999998, 0.0], [0.0008398999999999999, -7.699999999999999e-06, 3.529999999999999e-05, -0.00043029999999999994, 0.0006649999999999999, 1.9999999999999989e-07, -0.0003152999999999988, -1.82e-05, -1.0599999999999998e-05, 3.4999999999999995e-06, 1.4499999999999997e-05, 0.025782798643720854, -0.00017449999999999996, -0.00013369999999999997, -9.999999999999998e-08], [-0.0013997999999999999, 5.299999999999998e-06, -6.099999999999999e-06, -0.0001288, 0.0006624, -9.999999999999989e-08, 6.999999999999998e-06, 1.3699999999999989e-05, -9.999999999999998e-08, -3.7999999999999996e-06, -6.929999999999999e-05, -0.00017449999999999996, 0.02580456753040916, -0.00038449999999999986, -0.0001464], [-0.00025469999999999996, 1.9999999999999996e-07, -3.9999999999999993e-07, -7.5999999999999975e-06, -9.899999999999998e-05, 4.199999999999999e-06, 6.399999999999998e-06, -1.9999999999999996e-07, 1.3700000000000004e-05, -4.8e-06, -0.00011729999999999998, -0.00013369999999999997, -0.00038449999999999986, 0.025801846419573123, -0.0001147], [6.639999999999999e-05, -4.899999999999999e-06, 5.2999999999999975e-06, -2.8099999999999992e-05, 4.799999999999998e-06, -6.999999999999999e-07, 1.3999999999999997e-06, -2.14e-05, 2.8e-06, 0.00023589999999999543, 0.0, -9.999999999999998e-08, -0.0001464, -0.0001147, 0.025793681849633977]], [[0.008911732651499343, -2.1799999999999995e-05, 9.999999999999998e-08, 4.1e-06, 1.9999999999999996e-07, 4.599999999999998e-06, 2.1099999999999998e-05, -4.479999999999999e-05, 0.00015, 2.5999999999999992e-06, 1.1000000000000003e-06, -1.2699999999999995e-05, 6.249999999999999e-05, 8.109999999999998e-05, -1.8099999999999996e-05], [-2.1799999999999995e-05, 0.008900847589439674, 0.00015939999999999997, 9.179999999999998e-05, 3.969999999999999e-05, 0.0014241999999999998, 3.199999999999999e-06, -0.00018319999999999995, 9.999999999999997e-07, -0.0006200999999999998, -0.00030509999999999994, 0.0, -9.85e-05, 1.9999999999999996e-07, -0.0004201999999999999], [9.999999999999998e-08, 0.00015939999999999997, 0.008895405367767596, 2.5799999999999997e-05, -9.599999999999998e-06, -2.489999999999996e-05, -6.999999999999999e-07, -4.099999999999999e-06, -0.00016449999999999996, -3.9999999999999993e-07, 0.0001251, -9.999999999999998e-08, -6.999999999999995e-07, 4.999999999999999e-07, -7.329999999999999e-05], [4.1e-06, 9.179999999999998e-05, 2.5799999999999997e-05, 0.008876357591915329, -8.999999999999997e-07, 0.00021639999999999995, 9.999999999999989e-08, 0.0002662999999999999, -4.799999999999999e-06, 0.00010239999999999997, -0.0001222, 9.999999999999998e-08, 0.00014849999999999998, 6.999999999999995e-07, 5.129999999999998e-05], [1.9999999999999996e-07, 3.969999999999999e-05, -9.599999999999998e-06, -8.999999999999997e-07, 0.008892684256931559, 7.809999999999999e-05, -0.00011299999999999998, -4.999999999999999e-07, -3e-07, 3.2999999999999997e-06, -8.829999999999998e-05, 9.999999999999998e-08, 0.0002169, 3.9999999999999993e-07, 6.999999999999995e-07], [4.599999999999998e-06, 0.0014241999999999998, -2.489999999999996e-05, 0.00021639999999999995, 7.809999999999999e-05, 0.009077721031213196, -0.0002883999999999999, 0.0, 0.0, 1.9999999999999996e-07, -0.0028101000000000423, -0.00017719999999999997, 0.0, 0.0, 9.999999999999998e-08], [2.1099999999999998e-05, 3.199999999999999e-06, -6.999999999999999e-07, 9.999999999999989e-08, -0.00011299999999999998, -0.0002883999999999999, 0.009162077323276929, 7.999999999999