{"number of modes": 27, "number of surfaces": 17, "energies": [[2.1171607164385637, 0.0, 0.0, 0.0, 0.0, 0.0, 0.0, 0.0, 0.0, 0.0, 0.0, 0.0, 0.0, -2.47e-07, -2.5e-08, 4.931e-06, 0.001044061], [0.0, 8.619512671438564, 1.761e-06, 2.66e-07, 1.8e-07, -1.4681e-05, 5.5e-08, -8e-09, 2.75e-06, -6e-09, -1.04e-07, -2.017e-06, 1e-09, 0.0, 0.0, 0.0, 0.0], [0.0, 1.761e-06, 8.619512106438563, -2.454e-06, -2.575e-06, -1.14e-07, -1.5087e-05, -2.71e-07, 2e-08, -4.9e-08, -1.3e-08, 9.8e-08, -2.4e-08, 0.0, 0.0, 0.0, 0.0], [0.0, 2.66e-07, -2.454e-06, 8.619511725438564, -6.3e-08, 2.102e-06, 9.6e-08, -7.7e-08, -3.373e-06, -8e-09, -6e-09, 2.466e-06, -1.05e-07, 0.0, 0.0, 0.0, 0.0], [0.0, 1.8e-07, -2.575e-06, -6.3e-08, 8.619512037438565, 1.255e-06, 4.23e-07, -2.8e-08, -3.06e-07, 1.33e-07, 7.8e-08, 1.38e-07, 2.9e-08, 0.0, 0.0, 0.0, 0.0], [0.0, -1.4681e-05, -1.14e-07, 2.102e-06, 1.255e-06, 8.619512285438564, -1.298e-06, 1.89e-07, -1.1e-08, -1.09e-07, -3.4e-08, 7.5e-08, -8.6e-08, 0.0, 0.0, 0.0, 0.0], [0.0, 5.5e-08, -1.5087e-05, 9.6e-08, 4.23e-07, -1.298e-06, 8.619512593438564, -2.62e-07, -1.79e-07, -2.7e-08, 1e-09, 1.23e-07, 7.5e-08, 0.0, 0.0, 0.0, 0.0], [0.0, -8e-09, -2.71e-07, -7.7e-08, -2.8e-08, 1.89e-07, -2.62e-07, 7.2027870304385635, 5.39e-07, -5e-09, -3.7e-08, -8.4e-08, 1.48e-07, 0.0, 0.0, 0.0, 0.0], [0.0, 2.75e-06, 2e-08, -3.373e-06, -3.06e-07, -1.1e-08, -1.79e-07, 5.39e-07, 7.202786389438564, -6.02e-07, -2.89e-07, -1.9e-07, -5.17e-07, 0.0, 0.0, 0.0, 0.0], [0.0, -6e-09, -4.9e-08, -8e-09, 1.33e-07, -1.09e-07, -2.7e-08, -5e-09, -6.02e-07, 7.202785848438563, 1.93e-07, -4.33e-07, -2.23e-07, 0.0, 0.0, 0.0, 0.0], [0.0, -1.04e-07, -1.3e-08, -6e-09, 7.8e-08, -3.4e-08, 1e-09, -3.7e-08, -2.89e-07, 1.93e-07, 7.202786841438564, 6.18e-07, -3.4e-07, 0.0, 0.0, 0.0, 0.0], [0.0, -2.017e-06, 9.8e-08, 2.466e-06, 1.38e-07, 7.5e-08, 1.23e-07, -8.4e-08, -1.9e-07, -4.33e-07, 6.18e-07, 7.202786387438564, 1.86e-07, 0.0, 0.0, 0.0, 0.0], [0.0, 1e-09, -2.4e-08, -1.05e-07, 2.9e-08, -8.6e-08, 7.5e-08, 1.48e-07, -5.17e-07, -2.23e-07, -3.4e-07, 1.86e-07, 7.202785961438564, 0.0, 0.0, 0.0, 0.0], [-2.47e-07, 0.0, 0.0, 0.0, 0.0, 0.0, 0.0, 0.0, 0.0, 0.0, 0.0, 0.0, 0.0, 9.529063029438564, 1.25e-07, -4.7e-08, -1.51e-07], [-2.5e-08, 0.0, 0.0, 0.0, 0.0, 0.0, 0.0, 0.0, 0.0, 0.0, 0.0, 0.0, 0.0, 1.25e-07, 9.529063269438563, 1.4e-08, 9.8e-08], [4.931e-06, 0.0, 0.0, 0.0, 0.0, 0.0, 0.0, 0.0, 0.0, 0.0, 0.0, 0.0, 0.0, -4.7e-08, 1.4e-08, 8.108762520438564, -1.5e-07], [0.001044061, 0.0, 0.0, 0.0, 0.0, 0.0, 0.0, 0.0, 0.0, 0.0, 0.0, 0.0, 0.0, -1.51e-07, 9.8e-08, -1.5e-07, 8.108762257438563]], "frequencies": [0.010811143200000001, 0.010811143200000001, 0.0121253418, 0.0143322036, 0.01433344341, 0.018360346290000003, 0.0183615861, 0.054441296910000006, 0.06309517071000001, 0.06452095221, 0.06452095221, 0.07161266541, 0.07161266541, 0.07464400085999999, 0.07536681009, 0.07536681009, 0.08058269076, 0.08185721544, 0.08185721544, 0.09973403583, 0.11436627345000001, 0.11436751326000001, 0.24466410540000003, 0.25487642037, 0.26028695121, 0.27882335052, 0.27882335052], "electronic transition dipole moments": [["0j", "(-0.097354+0j)", "(-0.097353+0j)", "(-0.097354+0j)", "(0.097354+0j)", "(0.097353+0j)", "(0.097354+0j)", "(0.665211+0j)", "(0.664474+0j)", "(0.665211+0j)", "(-0.665211+0j)", "(-0.664474+0j)", "(-0.665211+0j)", "(-0.085083+0j)", "(0.085083+0j)", "(0.445693+0j)", "(-0.445694+0j)"], ["(4e-06+0j)", "(0.001634+0j)", "(0.001695+0j)", "(0.001634+0j)", "(-0.001634+0j)", "(-0.001695+0j)", "(-0.001634+0j)", "(0.162174+0j)", "(0.16517+0j)", "(0.162174+0j)", "(-0.162174+0j)", "(-0.16517+0j)", "(-0.162174+0j)", "(-0.002163+0j)", "(0.002163+0j)", "(0.106529+0j)", "(-0.106533+0j)"], ["0j", "0j", "0j", "0j", "0j", "0j", "0j", "0j", "0j", "0j", "0j", "0j", "0j", "0j", "0j", "0j", "0j"]], "magnetic transition dipole moments": [["0j", "(-0.097354+0j)", "(-0.097353+0j)", "(-0.097354+0j)", "(0.097354+0j)", "(0.097353+0j)", "(0.097354+0j)", "(0.665211+0j)", "(0.664474+0j)", "(0.665211+0j)", "(-0.665211+0j)", "(-0.664474+0j)", "(-0.665211+0j)", "(-0.085083+0j)", "(0.085083+0j)", "(0.445693+0j)", "(-0.445694+0j)"], ["(4e-06+0j)", "(0.001634+0j)", "(0.001695+0j)", "(0.001634+0j)", "(-0.001634+0j)", "(-0.001695+0j)", "(-0.001634+0j)", "(0.162174+0j)", "(0.16517+0j)", "(0.162174+0j)", "(-0.162174+0j)", "(-0.16517+0j)", "(-0.162174+0j)", "(-0.002163+0j)", "(0.002163+0j)", "(0.106529+0j)", "(-0.106533+0j)"], ["0j", "0j", "0j", "0j", "0j", "0j", "0j", "0j", "0j", "0j", "0j", "0j", "0j", "0j", "0j", "0j", "0j"]], "linear couplings": [[[-3.673542938737805e-05, 0.0, 0.0, 0.0, 0.0, 0.0, 0.0, 0.0, 0.0, 0.0, 0.0, 0.0, 0.0, -1.2030000000000002e-05, -2.489e-05, -0.01392762, -0.10465091999999998], [0.0, 0.00024789579576825537, 3.204e-05, 6.889999999999999e-06, -0.02144814, 0.00013249, -4.395e-05, 4.5599999999999995e-06, -3e-08, -1.57e-06, -6.63e-06, -4e-08, -1.1e-06, 0.0, 0.0, 0.0, 0.0], [0.0, 3.204e-05, 0.00020245281170555468, 0.00013783, 0.00013356999999999998, 0.021449390000000002, -6.234999999999998e-05, -5e-08, -4.6499999999999995e-06, 4.669e-05, -3.0000000000000004e-08, 6.31e-06, 5.884e-05, 0.0, 0.0, 0.0, 0.0], [0.0, 6.889999999999999e-06, 0.00013783, 0.00030150223608217403, 4.3469999999999995e-05, -6.586999999999999e-05, -0.02145982, 1.9999999999999997e-08, -6e-08, 4.5599999999999995e-06, 1.0999999999999999e-07, 0.0, -6.63e-06, 0.0, 0.0, 0.0, 0.0], [0.0, -0.02144814, 0.00013356999999999998, 4.3469999999999995e-05, -0.00025170541281026055, 3.1780000000000004e-05, -5.999999999999999e-06, -3.2799999999999995e-06, 1.3e-07, 1.6799999999999998e-06, -6.9400000000000005e-06, -1.3999999999999998e-07, 1e-06, 0.0, 0.0, 0.0, 0.0], [0.0, 0.00013249, 0.021449390000000002, -6.586999999999999e-05, 3.1780000000000004e-05, -0.0003066724085421984, 0.000138, 8.999999999999999e-08, -3.3300000000000003e-06, 4.524e-05, 4.576999999999999e-05, -6.719999999999999e-06, 1.2329999999999999e-05, 0.0, 0.0, 0.0, 0.0], [0.0, -4.395e-05, -6.234999999999998e-05, -0.02145982, -5.999999999999999e-06, 0.000138, -0.00019129607166314298, -3.442e-05, 3.5999999999999994e-07, -3.2900000000000003e-06, 4.4149999999999996e-05, 9.999999999999999e-09, -6.9599999999999994e-06, 0.0, 0.0, 0.0, 0.0], [0.0, 4.5599999999999995e-06, -5e-08, 1.9999999999999997e-08, -3.2799999999999995e-06, 8.999999999999999e-08, -3.442e-05, -0.014586668944232939, 9.938e-05, 8.2e-07, -0.05843272, -0.00020699, -2.932e-05, 0.0, 0.0, 0.0, 0.0], [0.0, -3e-08, -4.6499999999999995e-06, -6e-08, 1.3e-07, -3.3300000000000003e-06, 3.5999999999999994e-07, 9.938e-05, -0.014848714640091696, -4.547e-05, 0.00015620999999999997, -0.058337059999999996, 4.1509999999999994e-05, 0.0, 0.0, 0.0, 0.0], [0.0, -1.57e-06, 4.669e-05, 4.5599999999999995e-06, 1.6799999999999998e-06, 4.524e-05, -3.2900000000000003e-06, 8.2e-07, -4.547e-05, -0.014579593932316136, 2.8950000000000002e-05, -1.887e-05, -0.05842433, 0.0, 0.0, 0.0, 0.0], [0.0, -6.63e-06, -3.0000000000000004e-08, 1.0999999999999999e-07, -6.9400000000000005e-06, 4.576999999999999e-05, 4.4149999999999996e-05, -0.05843272, 0.00015620999999999997, 2.8950000000000002e-05, 0.014581498771772915, -0.00010024, -9.500000000000001e-07, 0.0, 0.0, 0.0, 0.0], [0.0, -4e-08, 6.31e-06, 0.0, -1.3999999999999998e-07, -6.719999999999999e-06, 9.999999999999999e-09, -0.00020699, -0.058337059999999996, -1.887e-05, -0.00010024, 0.014836741628670025, 4.5129999999999997e-05, 0.0, 0.0, 0.0, 0.0], [0.0, -1.1e-06, 5.884e-05, -6.63e-06, 1e-06, 1.2329999999999999e-05, -6.9599999999999994e-06, -2.932e-05, 4.1509999999999994e-05, -0.05842433, -9.500000000000001e-07, 4.5129999999999997e-05, 0.014593471721323035, 0.0, 0.0, 0.0, 0.0], [-1.2030000000000002e-05, 0.0, 0.0, 0.0, 0.0, 0.0, 0.0, 0.0, 0.0, 0.0, 0.0, 0.0, 0.0, -0.0008065457900758696, -0.02629573, 3.54e-06, -4.81e-06], [-2.489e-05, 0.0, 0.0, 0.0, 0.0, 0.0, 0.0, 0.0, 0.0, 0.0, 0.0, 0.0, 0.0, -0.02629573, 0.0008068179011594735, -4.77e-06, -7.32e-06], [-0.01392762, 0.0, 0.0, 0.0, 0.0, 0.0, 0.0, 0.0, 0.0, 0.0, 0.0, 0.0, 0.0, 3.54e-06, -4.77e-06, -0.015648729702289522, -0.06391497], [-0.10465091999999998, 0.0, 0.0, 0.0, 0.0, 0.0, 0.0, 0.0, 0.0, 0.0, 0.0, 0.0, 0.0, -4.81e-06, -7.32e-06, -0.06391497, 0.015685465069805348]], [[7.347061128854999e-06, 0.0, 0.0, 0.0, 0.0, 0.0, 0.0, 0.0, 0.0, 0.0, 0.0, 0.0, 0.0, -3.377999999999999e-05, -4.37e-06, 0.1046466, -0.013954849999999998], [0.0, -0.021448022430761958, -7.1e-07, 5.199999999999999e-07, -0.00022387999999999998, 0.00017125, -9.004e-05, -1.2339999999999999e-05, 3.8999999999999997e-07, 9.8e-07, 3.89e-06, 4.28e-06, -2.39e-06, 0.0, 0.0, 0.0, 0.0], [0.0, -7.1e-07, -0.021491016415072225, 5.299999999999999e-07, 0.00032775999999999997, 0.00026812, 8.541e-05, 0.0, 1.2899999999999998e-05, 7.1e-07, -1e-07, -4.049999999999999e-06, 4.0999999999999994e-07, 0.0, 0.0, 0.0, 0.0], [0.0, 5.199999999999999e-07, 5.299999999999999e-07, -0.021472784786856113, 7.524e-05, 5.7889999999999996e-05, -0.00023634, -1.05e-06, 8.999999999999999e-08, -1.2169999999999999e-05, 5.23e-06, -1.8999999999999998e-07, 3.8499999999999996e-06, 0.0, 0.0, 0.0, 0.0], [0.0, -0.00022387999999999998, 0.00032775999999999997, 7.524e-05, 0.02153537095480051, -1.1e-06, -7.4e-07, -9.699999999999998e-07, 2.5e-07, 1.6e-07, -1.1699999999999998e-05, -1.7e-07, 1.8000000000000002e-07, 0.0, 0.0, 0.0, 0.0], [0.0, 0.00017125, 0.00026812, 5.7889999999999996e-05, -1.1e-06, 0.021488839526403396, 1.1999999999999994e-07, -3.5999999999999994e-07, -7.699999999999999e-07, -1.1489999999999998e-05, -4.43e-06, -1.1319999999999998e-05, 1.4400000000000002e-06, 0.0, 0.0, 0.0, 0.0], [0.0, -9.004e-05, 8.541e-05, -0.00023634, -7.4e-07, 1.1999999999999994e-07, 0.0215696573225639, 1.2000000000000002e-07, -1.367e-05, -9.599999999999997e-07, -3.0000000000000004e-08, 4e-08, -1.1699999999999998e-05, 0.0, 0.0, 0.0, 0.0], [0.0, -1.2339999999999999e-05, 0.0, -1.05e-06, -9.699999999999998e-07, -3.5999999999999994e-07, 1.2000000000000002e-07, -0.058405180093007436, 9.089999999999998e-06, 1.8e-06, 0.014566589999999999, 0.0002672, -1.2289999999999996e-05, 0.0, 0.0, 0.0, 0.0], [0.0, 3.8999999999999997e-07, 1.2899999999999998e-05, 8.999999999999999e-08, 2.5e-07, -7.699999999999999e-07, -1.367e-05, 9.089999999999998e-06, -0.058328988185268195, -1.667e-05, -0.00019885999999999998, 0.0148744, 2.2429999999999994e-05, 0.0, 0.0, 0.0, 0.0], [0.0, 9.8e-07, 7.1e-07, -1.2169999999999999e-05, 1.6e-07, -1.1489999999999998e-05, -9.599999999999997e-07, 1.8e-06, -1.667e-05, -0.05840490798192383, 2.8719999999999996e-05, -0.00015102, 0.01456237, 0.0, 0.0, 0.0, 0.0], [0.0, 3.89e-06, -1e-07, 5.23e-06, -1.1699999999999998e-05, -4.43e-06, -3.0000000000000004e-08, 0.014566589999999999, -0.00019885999999999998, 2.8719999999999996e-05, 0.05844735774406689, -8.06e-06, -2.3799999999999997e-06, 0.0, 0.0, 0.0, 0.0], [0.0, 4.28e-06, -4.049999999999999e-06, -1.8999999999999998e-07, -1.7e-07, -1.1319999999999998e-05, 4e-08, 0.0002672, 0.0148744, -0.00015102, -8.06e-06, 0.05837415912011885, 1.5759999999999998e-05, 0.0, 0.0, 0.0, 0.0], [0.0, -2.39e-06, 4.0999999999999994e-07, 3.8499999999999996e-06, 1.8000000000000002e-07, 1.4400000000000002e-06, -1.1699999999999998e-05, -1.2289999999999996e-05, 2.2429999999999994e-05, 0.01456237, -2.3799999999999997e-06, 1.5759999999999998e-05, 0.058485181555917136, 0.0, 0.0, 0.0, 0.0], [-3.377999999999999e-05, 0.0, 0.0, 0.0, 0.0, 0.0, 0.0, 0.0, 0.0, 0.0, 0.0, 0.0, 0.0, -0.02630634507081255, 0.0008160200000000001, -1.634e-05, 3.99e-06], [-4.37e-06, 0.0, 0.0, 0.0, 0.0, 0.0, 0.0, 0.0, 0.0, 0.0, 0.0, 0.0, 0.0, 0.0008160200000000001, 0.026361584239499643, -5e-07, -1.182e-05], [0.1046466, 0.0, 0.0, 0.0, 0.0, 0.0, 0.0, 0.0, 0.0, 0.0, 0.0, 0.0, 0.0, -1.634e-05, -5e-07, -0.06389807252402128, 0.01563516], [-0.013954849999999998, 0.0, 0.0, 0.0, 0.0, 0.0, 0.0, 0.0, 0.0, 0.0, 0.0, 0.0, 0.0, 3.99e-06, -1.182e-05, 0.01563516, 0.0639546722481264]], [[-2.721110836038324e-07, 0.0, 0.0, 0.0, 0.0, 0.0, 0.0, 0.0, 0.0, 0.0, 0.0, 0.0, 0.0, 6.819999999999999e-05, -9.262e-05, 3.148e-05, 9.669999999999384e-06], [0.0, -9.796060881289492e-06, 0.00014685999999999999, -4.87e-06, -1.01e-05, 5.514999999999999e-05, -7.599999999999999e-07, 0.04153100999999999, 2.7800000000000056e-06, -1.3729999999999999e-05, -0.005334059999999999, -3.269999999999996e-06, 5.8700000000000005e-06, 0.0, 0.0, 0.0, 0.0], [0.0, 0.00014685999999999999, -1.0340283048497156e-05, 4.9439999999999994e-05, 0.00010771, 8.8e-06, 1.564e-05, 7.483e-05, -0.04138214999999999, -0.00010424, 9.419999999999999e-05, 0.00544068, -2.808e-05, 0.0, 0.0, 0.0, 0.0], [0.0, -4.87e-06, 4.9439999999999994e-05, -1.768740604890368e-05, -1.38e-06, -8.819999999999999e-06, -6.43e-06, -2.2089999999999997e-05, -0.00011861999999999999, 0.04153067, 1.122e-05, -0.00011841, -0.00533601, 0.0, 0.0, 0.0, 0.0], [0.0, -1.01e-05, 0.00010771, -1.38e-06, 5.442283543628173e-06, 2.7529999999999996e-05, 3.8999999999999965e-07, 0.00533424, -1.0099999999999996e-05, 1.2899999999999998e-05, 0.041529540000000004, 0.00010560999999999999, 2.5689999999999996e-05, 0.0, 0.0, 0.0, 0.0], [0.0, 5.514999999999999e-05, 8.8e-06, -8.819999999999999e-06, 2.7529999999999996e-05, 1.904777585226827e-06, 1.279e-05, -5.383e-05, 0.00543947, 1.351e-05, -0.00020749999999999998, 0.04138289, 6.559e-05, 0.0, 0.0, 0.0, 0.0], [0.0, -7.599999999999999e-07, 1.564e-05, -6.43e-06, 3.8999999999999965e-07, 1.279e-05, -5.714394627232005e-06, 3.74e-06, -8.244e-05, 0.00533611, -5.673e-05, -7.67e-05, 0.04152768, 0.0, 0.0, 0.0, 0.0], [0.0, 0.04153100999999999, 7.483e-05, -2.2089999999999997e-05, 0.00533424, -5.383e-05, 3.74e-06, -1.8231628216111346e-05, 2.9579999999999998e-05, 1.789e-05, 6.88e-06, 5.089999999999999e-06, -8.930000000000001e-06, 0.0, 0.0, 0.0, 0.0], [0.0, 2.7800000000000056e-06, -0.04138214999999999, -0.00011861999999999999, -1.0099999999999996e-05, 0.00543947, -8.244e-05, 2.9579999999999998e-05, -2.068068984009736e-05, 1.333e-05, -3.432e-05, 6.789999999999999e-06, 1.0000000000000222e-08, 0.0, 0.0, 0.0, 0.0], [0.0, -1.3729999999999999e-05, -0.00010424, 0.04153067, 1.2899999999999998e-05, 1.351e-05, 0.00533611, 1.789e-05, 1.333e-05, -1.142878925446401e-05, -1.6819999999999998e-05, -1.2029999999999998e-05, 4.99e-06, 0.0, 0.0, 0.0, 0.0], [0.0, -0.005334059999999999, 9.419999999999999e-05, 1.122e-05, 0.041529540000000004, -0.00020749999999999998, -5.673e-05, 6.88e-06, -3.432e-05, -1.6819999999999998e-05, 3.292581234537287e-05, 1.257e-05, 7.91e-06, 0.0, 0.0, 0.0, 0.0], [0.0, -3.269999999999996e-06, 0.00544068, -0.00011841, 0.00010560999999999999, 0.04138289, -7.67e-05, 5.089999999999999e-06, 6.789999999999999e-06, -1.2029999999999998e-05, 1.257e-05, 2.2313356341720357e-05, -8.799999999999994e-07, 0.0, 0.0, 0.0, 0.0], [0.0, 5.8700000000000005e-06, -2.808e-05, -0.00533601, 2.5689999999999996e-05, 6.559e-05, 0.04152768, -8.930000000000001e-06, 1.0000000000000222e-08, 4.99e-06, 7.91e-06, -8.799999999999994e-07, 1.904796146692284e-05, 0.0, 0.0, 0.0, 0.0], [6.819999999999999e-05, 0.0, 0.0, 0.0, 0.0, 0.0, 0.0, 0.0, 0.0, 0.0, 0.0, 0.0, 0.0, -7.074950045251167e-06, -5.39e-06, 0.040944169999999995, -0.0041017399999999996], [-9.262e-05, 0.0, 0.0, 0.0, 0.0, 0.0, 0.0, 0.0, 0.0, 0.0, 0.0, 0.0, 0.0, -5.39e-06, 1.904777585226827e-06, 0.004099779999999999, 0.04095479], [3.148e-05, 0.0, 0.0, 0.0, 0.0, 0.0, 0.0, 0.0, 0.0, 0.0, 0.0, 0.0, 0.0, 0.040944169999999995, 0.004099779999999999, -2.176913417451269e-05, 3.32e-06], [9.669999999999384e-06, 0.0, 0.0, 0.0, 0.0, 0.0, 0.0, 0.0, 0.0, 0.0, 0.0, 0.0, 0.0, -0.0041017399999999996, 0.04095479, 3.32e-06, 1.687107279809218e-05]], [[0.0, 0.0, 0.0, 0.0, 0.0, 0.0, 0.0, 0.0, 0.0, 0.0, 0.0, 0.0, 0.0, -0.00459855, 0.04164692, -2.760000000000004e-06, 3.049999999999234e-06], [0.0, 2.4489997524344916e-06, 1.5229999999999998e-05, -7.3099999999999995e-06, 3.44e-06, -3.9899999999999994e-05, 5.29e-06, -0.0025513499999999995, -1.930000000000001e-06, 1.3749999999999999e-05, -0.02526663, 0.00011510999999999999, -3.4309999999999995e-05, 0.0, 0.0, 0.0, 0.0], [0.0, 1.5229999999999998e-05, -2.1769505403821836e-06, 6.0699999999999995e-06, 2.4299999999999998e-05, -2.5199999999999996e-06, 7.92e-05, -2.2689999999999998e-05, 0.00249763, -2.435e-05, -9.069e-05, 0.025321099999999996, -8.727999999999999e-05, 0.0, 0.0, 0.0, 0.0], [0.0, -7.3099999999999995e-06, 6.0699999999999995e-06, -1.142878925446401e-05, -7.88e-06, 4.0749999999999994e-05, 3.5199999999999998e-06, -9.8e-06, -2.73e-05, -0.00254949, 7.636999999999999e-05, -0.00021194, -0.0252705, 0.0, 0.0, 0.0, 0.0], [0.0, 3.44e-06, 2.4299999999999998e-05, -7.88e-06, 8.163456251218021e-06, 1.099e-05, -3.1799999999999996e-06, -0.025260789999999995, -8.700000000000001e-06, 5.27e-05, 0.00260349, 1.1659999999999998e-05, -2.652e-05, 0.0, 0.0, 0.0, 0.0], [0.0, -3.9899999999999994e-05, -2.5199999999999996e-06, 4.0749999999999994e-05, 1.099e-05, 5.442283543628173e-06, 3.212e-05, -3.850999999999999e-05, -0.025323159999999997, -7.154999999999999e-05, -8.999999999999999e-07, 0.0025430199999999996, 2.8619999999999997e-05, 0.0, 0.0, 0.0, 0.0], [0.0, 5.29e-06, 7.92e-05, 3.5199999999999998e-06, -3.1799999999999996e-06, 3.212e-05, 1.0884443344153296e-06, -6.377e-05, -7.556999999999998e-05, -0.025256610000000002, 2.7499999999999998e-05, -2.3699999999999997e-05, 0.0026077200000000004, 0.0, 0.0, 0.0, 0.0], [0.0, -0.0025513499999999995, -2.2689999999999998e-05, -9.8e-06, -0.025260789999999995, -3.850999999999999e-05, -6.377e-05, 7.347123000406524e-06, -9.489999999999999e-06, -2.5899999999999998e-06, 2.3799999999999997e-06, -1.12e-05, -2.1309999999999998e-05, 0.0, 0.0, 0.0, 0.0], [0.0, -1.930000000000001e-06, 0.00249763, -2.73e-05, -8.700000000000001e-06, -0.025323159999999997, -7.556999999999998e-05, -9.489999999999999e-06, 6.25861679443967e-06, -1.3299999999999993e-06, -2.4599999999999997e-06, 3.07e-06, -9.659999999999999e-06, 0.0, 0.0, 0.0, 0.0], [0.0, 1.3749999999999999e-05, -2.435e-05, -0.00254949, 5.27e-05, -7.154999999999999e-05, -0.025256610000000002, -2.5899999999999998e-06, -1.3299999999999993e-06, 7.891283296062664e-06, 1.8000000000000002e-07, -9.39e-06, 3.82e-06, 0.0, 0.0, 0.0, 0.0], [0.0, -0.02526663, -9.069e-05, 7.636999999999999e-05, 0.00260349, -8.999999999999999e-07, 2.7499999999999998e-05, 2.3799999999999997e-06, -2.4599999999999997e-06, 1.8000000000000002e-07, -4.0817281256090104e-06, 6.000000000000006e-07, -9.06e-06, 0.0, 0.0, 0.0, 0.0], [0.0, 0.00011510999999999999, 0.025321099999999996, -0.00021194, 1.1659999999999998e-05, 0.0025430199999999996, -2.3699999999999997e-05, -1.12e-05, 3.07e-06, -9.39e-06, 6.000000000000006e-07, 5.17017246002434e-06, -6.2e-06, 0.0, 0.0, 0.0, 0.0], [0.0, -3.4309999999999995e-05, -8.727999999999999e-05, -0.0252705, -2.652e-05, 2.8619999999999997e-05, 0.0026077200000000004, -2.1309999999999998e-05, -9.659999999999999e-06, 3.82e-06, -9.06e-06, -6.2e-06, 2.721110836038324e-06, 0.0, 0.0, 0.0, 0.0], [-0.00459855, 0.0, 0.0, 0.0, 0.0, 0.0, 0.0, 0.0, 0.0, 0.0, 0.0, 0.0, 0.0, 1.6327283731745188e-06, 3.3300000000000003e-06, -0.0025882300000000004, -0.018119189999999997], [0.04164692, 0.0, 0.0, 0.0, 0.0, 0.0, 0.0, 0.0, 0.0, 0.0, 0.0, 0.0, 0.0, 3.3300000000000003e-06, 2.449061623986016e-06, -0.0181378, 0.0026065499999999996], [-2.760000000000004e-06, 0.0, 0.0, 0.0, 0.0, 0.0, 0.0, 0.0, 0.0, 0.0, 0.0, 0.0, 0.0, -0.0025882300000000004, -0.0181378, 5.442283543628173e-06, 2.5999999999999997e-06], [3.049999999999234e-06, 0.0, 0.0, 0.0, 0.0, 0.0, 0.0, 0.0, 0.0, 0.0, 0.0, 0.0, 0.0, -0.018119189999999997, 0.0026065499999999996, 2.5999999999999997e-06, -2.7211727075898484e-06]], [[0.0, 0.0, 0.0, 0.0, 0.0, 0.0, 0.0, 0.0, 0.0, 0.0, 0.0, 0.0, 0.0, -0.04167794, -0.0045904, 9.429999999999993e-06, -1.340000000001583e-06], [0.0, -2.449061623986016e-06, -3.3799999999999995e-05, -4.900000000000008e-07, -2.18e-06, -0.00026386, -9.400000000000002e-07, -0.02521833, 0.00010928000000000001, -6.0789999999999985e-05, 0.00262816, 1.23e-05, 2.6819999999999997e-05, 0.0, 0.0, 0.0, 0.0], [0.0, -3.3799999999999995e-05, 5.442221672076648e-07, -5.07e-06, -0.00025052999999999995, 5.039999999999999e-06, -0.00014439999999999999, 8.609999999999999e-06, 0.0252119, -0.00011994000000000001, 1.896e-05, -0.00246278, 2.4670000000000003e-05, 0.0, 0.0, 0.0, 0.0], [0.0, -4.900000000000008e-07, -5.07e-06, -5.986505710835838e-06, 6.299999999999999e-06, -5.774e-05, -2.8799999999999995e-06, -3.963e-05, -0.0001813, -0.02521858, -1.87e-05, 2.153e-05, 0.0026349800000000003, 0.0, 0.0, 0.0, 0.0], [0.0, -2.18e-06, -0.00025052999999999995, 6.299999999999999e-06, 5.986505710835838e-06, 2.0399999999999998e-05, 2.2399999999999997e-06, 0.00266725, 1.6610000000000002e-05, 2.986e-05, 0.0252001, -5.001e-05, -0.0001043, 0.0, 0.0, 0.0, 0.0], [0.0, -0.00026386, 5.039999999999999e-06, -5.774e-05, 2.0399999999999998e-05, 4.625950292816675e-06, 2.5589999999999997e-05, -7.419999999999998e-06, 0.00247771, 3.671e-05, 4.363e-05, 0.02519373, 7.487e-05, 0.0, 0.0, 0.0, 0.0], [0.0, -9.400000000000002e-07, -0.00014439999999999999, -2.8799999999999995e-06, 2.2399999999999997e-06, 2.5589999999999997e-05, -1.9048394567783512e-06, -1.4469999999999999e-05, -4.172e-05, 0.0026360499999999996, 0.00010822999999999999, -0.0001715, 0.025203580000000003, 0.0, 0.0, 0.0, 0.0], [0.0, -0.02521833, 8.609999999999999e-06, -3.963e-05, 0.00266725, -7.419999999999998e-06, -1.4469999999999999e-05, -7.891345167614188e-06, 3.4000000000000013e-07, 6.9400000000000005e-06, -7.5e-06, -3.9300000000000005e-06, -8.939999999999999e-06, 0.0, 0.0, 0.0, 0.0], [0.0, 0.00010928000000000001, 0.0252119, -0.0001813, 1.6610000000000002e-05, 0.00247771, -4.172e-05, 3.4000000000000013e-07, -2.1769505403821836e-06, 1.2689999999999997e-05, -7.256e-05, -6.999999999999999e-06, 7.672999999999999e-05, 0.0, 0.0, 0.0, 0.0], [0.0, -6.0789999999999985e-05, -0.00011994000000000001, -0.02521858, 2.986e-05, 3.671e-05, 0.0026360499999999996, 6.9400000000000005e-06, 1.2689999999999997e-05, -1.4694122257709998e-05, -1.952e-05, -6.210000000000001e-06, -4.409999999999999e-06, 0.0, 0.0, 0.0, 0.0], [0.0, 0.00262816, 1.896e-05, -1.87e-05, 0.0252001, 4.363e-05, 0.00010822999999999999, -7.5e-06, -7.256e-05, -1.952e-05, -6.25861679443967e-06, -7.16e-06, -1.6e-06, 0.0, 0.0, 0.0, 0.0], [0.0, 1.23e-05, -0.00246278, 2.153e-05, -5.001e-05, 0.02519373, -0.0001715, -3.9300000000000005e-06, -6.999999999999999e-06, -6.210000000000001e-06, -7.16e-06, 1.3606172895706864e-06, 7.63e-06, 0.0, 0.0, 0.0, 0.0], [0.0, 2.6819999999999997e-05, 2.4670000000000003e-05, 0.0026349800000000003, -0.0001043, 7.487e-05, 0.025203580000000003, -8.939999999999999e-06, 7.672999999999999e-05, -4.409999999999999e-06, -1.6e-06, 7.63e-06, 4.625950292816675e-06, 0.0, 0.0, 0.0, 0.0], [-0.04167794, 0.0, 0.0, 0.0, 0.0, 0.0, 0.0, 0.0, 0.0, 0.0, 0.0, 0.0, 0.0, -6.5307278780435025e-06, 1.0099999999999999e-06, -0.018160519999999996, 0.00238588], [-0.0045904, 0.0, 0.0, 0.0, 0.0, 0.0, 0.0, 0.0, 0.0, 0.0, 0.0, 0.0, 0.0, 1.0099999999999999e-06, 2.4489997524344916e-06, 0.00238976, 0.018117389999999997], [9.429999999999993e-06, 0.0, 0.0, 0.0, 0.0, 0.0, 0.0, 0.0, 0.0, 0.0, 0.0, 0.0, 0.0, -0.018160519999999996, 0.00238976, -7.074950045251167e-06, -5.309999999999999e-06], [-1.340000000001583e-06, 0.0, 0.0, 0.0, 0.0, 0.0, 0.0, 0.0, 0.0, 0.0, 0.0, 0.0, 0.0, 0.00238588, 0.018117389999999997, -5.309999999999999e-06, 3.2653948747975132e-06]], [[-1.142878925446401e-05, 0.0, 0.0, 0.0, 0.0, 0.0, 0.0, 0.0, 0.0, 0.0, 0.0, 0.0, 0.0, -1.2149999999999999e-05, 1.623e-05, 0.006975099999999999, 0.002868039999999999], [0.0, -0.00021388153908846717, -1.2800000000000009e-06, 2.25e-06, 0.012731209999999998, -0.00029665999999999997, 0.0001469, 1.38e-06, -4.9999999999999985e-08, 3.1e-07, 5.56e-06, 3.5e-07, -4.8e-07, 0.0, 0.0, 0.0, 0.0], [0.0, -1.2800000000000009e-06, -0.00015238381547848579, 0.00010046, -0.00029854999999999997, -0.012776199999999998, 0.00011753000000000001, 3.8999999999999997e-07, -1.46e-06, -3.801e-05, -8e-08, -5.51e-06, 4.818e-05, 0.0, 0.0, 0.0, 0.0], [0.0, 2.25e-06, 0.00010046, -0.0002560592520194734, -0.00014394, 0.00011795, 0.0126815, -2.5e-07, 0.0, 1.5100000000000002e-06, 1e-08, -1.9e-07, 5.6299999999999995e-06, 0.0, 0.0, 0.0, 0.0], [0.0, 0.012731209999999998, -0.00029854999999999997, -0.00014394, 0.00017959523319662665, -2.48e-06, 6.999999999999997e-08, 1.8899999999999997e-06, 5.299999999999999e-07, -2.4e-07, -7.81e-06, -2.6e-07, -1.09e-06, 0.0, 0.0, 0.0, 0.0], [0.0, -0.00029665999999999997, -0.012776199999999998, 0.00011795, -2.48e-06, 0.00025415441256269503, 0.00010019, -6.1e-07, 2e-06, 7.199999999999999e-07, 3.7e-07, -7.93e-06, -1.3999999999999998e-07, 0.0, 0.0, 0.0, 0.0], [0.0, 0.0001469, 0.00011753000000000001, 0.0126815, 6.999999999999997e-08, 0.00010019, 0.00012925412588595393, -3.9999999999999994e-08, -2.3e-07, 1.9499999999999995e-06, 2.0999999999999997e-07, -3.4e-07, -7.84e-06, 0.0, 0.0, 0.0, 0.0], [0.0, 1.38e-06, 3.8999999999999997e-07, -2.5e-07, 1.8899999999999997e-06, -6.1e-07, -3.9999999999999994e-08, -0.011309328343367975, 1.1500000000000006e-06, 1.3019999999999999e-05, -0.04621489, -1.591e-05, 8.414e-05, 0.0, 0.0, 0.0, 0.0], [0.0, -4.9999999999999985e-08, -1.46e-06, 0.0, 5.299999999999999e-07, 2e-06, -2.3e-07, 1.1500000000000006e-06, -0.011527291672453603, -5.6309999999999994e-05, 1.51e-05, -0.04616656, 3.628e-05, 0.0, 0.0, 0.0, 0.0], [0.0, 3.1e-07, -3.801e-05, 1.5100000000000002e-06, -2.4e-07, 7.199999999999999e-07, 1.9499999999999995e-06, 1.3019999999999999e-05, -5.6309999999999994e-05, -0.011327832144539243, -9.027e-05, -8.73e-06, -0.04619382, 0.0, 0.0, 0.0, 0.0], [0.0, 5.56e-06, -8e-08, 1e-08, -7.81e-06, 3.7e-07, 2.0999999999999997e-07, -0.04621489, 1.51e-05, -9.027e-05, 0.011306879343615541, -9.499999999999994e-07, -1.2929999999999998e-05, 0.0, 0.0, 0.0, 0.0], [0.0, 3.5e-07, -5.51e-06, -1.9e-07, -2.6e-07, -7.93e-06, -3.4e-07, -1.591e-05, -0.04616656, -8.73e-06, -9.499999999999994e-07, 0.011516951265662004, 5.607e-05, 0.0, 0.0, 0.0, 0.0], [0.0, -4.8e-07, 4.818e-05, 5.6299999999999995e-06, -1.09e-06, -1.3999999999999998e-07, -7.84e-06, 8.414e-05, 3.628e-05, -0.04619382, -1.2929999999999998e-05, 5.607e-05, 0.011278035259395778, 0.0, 0.0, 0.0, 0.0], [-1.2149999999999999e-05, 0.0, 0.0, 0.0, 0.0, 0.0, 0.0, 0.0, 0.0, 0.0, 0.0, 0.0, 0.0, 0.0006470869626805811, 0.024540250000000003, 2.3e-06, 5.420000000000001e-06], [1.623e-05, 0.0, 0.0, 0.0, 0.0, 0.0, 0.0, 0.0, 0.0, 0.0, 0.0, 0.0, 0.0, 0.024540250000000003, -0.0006664070971026594, 2.35e-06, -8.33e-06], [0.006975099999999999, 0.0, 0.0, 0.0, 0.0, 0.0, 0.0, 0.0, 0.0, 0.0, 0.0, 0.0, 0.0, 2.3e-06, 2.35e-06, -0.010827142367883208, -0.04507919], [0.002868039999999999, 0.0, 0.0, 0.0, 0.0, 0.0, 0.0, 0.0, 0.0, 0.0, 0.0, 0.0, 0.0, 5.420000000000001e-06, -8.33e-06, -0.04507919, 0.010804012740162228]], [[1.551051738007302e-05, 0.0, 0.0, 0.0, 0.0, 0.0, 0.0, 0.0, 0.0, 0.0, 0.0, 0.0, 0.0, -1.4199999999999997e-06, 8.799999999999999e-07, -0.0028701699999999996, 0.0070480099999999995], [0.0, 0.012800240747679012, -1e-06, 8.6e-07, 0.00018941, 0.00011690999999999998, -3.965e-05, 0.0, -3.4799999999999997e-06, -2.4000000000000003e-07, -1.6799999999999998e-06, 2.9e-07, 6.999999999999999e-08, 0.0, 0.0, 0.0, 0.0], [0.0, -1e-06, 0.012817928091856364, -1.69e-06, 0.0002256, -0.00020667, -0.00010617999999999999, 8.5e-07, 3.9e-07, -1.35e-06, 1.08e-06, 1.71e-06, -3.641e-05, 0.0, 0.0, 0.0, 0.0], [0.0, 8.6e-07, -1.69e-06, 0.01279670324172061, 4.193e-05, -0.00017424999999999998, 0.00018821999999999996, 2.2399999999999997e-06, -2.18e-06, 1.3e-07, 1.359e-05, 5.94e-06, -1.69e-06, 0.0, 0.0, 0.0, 0.0], [0.0, 0.00018941, 0.0002256, 4.193e-05, -0.012733572789737455, -1.55e-06, -1.6900000000000001e-06, 7.699999999999998e-07, 2.67e-06, 7.900000000000001e-07, -8.5e-07, -6e-08, 1.6999999999999993e-07, 0.0, 0.0, 0.0, 0.0], [0.0, 0.00011690999999999998, -0.00020667, -0.00017424999999999998, -1.55e-06, -0.012742824690323088, -1.2299999999999999e-06, 1.4999999999999997e-07, 5.6e-07, 5e-08, 5.17e-06, -6.4e-07, 6.499999999999999e-07, 0.0, 0.0, 0.0, 0.0], [0.0, -3.965e-05, -0.00010617999999999999, 0.00018821999999999996, -1.6900000000000001e-06, -1.2299999999999999e-06, -0.012721871951270938, -5.299999999999999e-07, 6.699999999999999e-06, 8e-07, 2.27e-06, 2.4e-07, -8.6e-07, 0.0, 0.0, 0.0, 0.0], [0.0, 0.0, 8.5e-07, 2.2399999999999997e-06, 7.699999999999998e-07, 1.4999999999999997e-07, -5.299999999999999e-07, -0.046147806711172364, 3.452e-05, -3.1199999999999998e-06, 0.01129638, 8.761999999999999e-05, 2.8000000000000007e-06, 0.0, 0.0, 0.0, 0.0], [0.0, -3.4799999999999997e-06, 3.9e-07, -2.18e-06, 2.67e-06, 5.6e-07, 6.699999999999999e-06, 3.452e-05, -0.04614100387221071, -2.5280000000000002e-05, 0.00019292999999999998, 0.011493519999999998, -0.00026335, 0.0, 0.0, 0.0, 0.0], [0.0, -2.4000000000000003e-07, -1.35e-06, 1.3e-07, 7.900000000000001e-07, 5e-08, 8e-07, -3.1199999999999998e-06, -2.5280000000000002e-05, -0.04617964401731177, -2.3989999999999996e-05, 5.6850000000000006e-05, 0.011310029999999999, 0.0, 0.0, 0.0, 0.0], [0.0, -1.6799999999999998e-06, 1.08e-06, 1.359e-05, -8.5e-07, 5.17e-06, 2.27e-06, 0.01129638, 0.00019292999999999998, -2.3989999999999996e-05, 0.046235699519249676, -3.464e-05, 3.6e-06, 0.0, 0.0, 0.0, 0.0], [0.0, 2.9e-07, 1.71e-06, 5.94e-06, -6e-08, -6.4e-07, 2.4e-07, 8.761999999999999e-05, 0.011493519999999998, 5.6850000000000006e-05, -3.464e-05, 0.046200324707151866, 2.5789999999999995e-05, 0.0, 0.0, 0.0, 0.0], [0.0, 6.999999999999999e-08, -3.641e-05, -1.69e-06, 1.6999999999999993e-07, 6.499999999999999e-07, -8.6e-07, 2.8000000000000007e-06, -0.00026335, 0.011310029999999999, 3.6e-06, 2.5789999999999995e-05, 0.04625610803613461, 0.0, 0.0, 0.0, 0.0], [-1.4199999999999997e-06, 0.0, 0.0, 0.0, 0.0, 0.0, 0.0, 0.0, 0.0, 0.0, 0.0, 0.0, 0.0, 0.02460100690524584, -0.0006491099999999999, -1.8799999999999998e-06, -1.7500000000000002e-06], [8.799999999999999e-07, 0.0, 0.0, 0.0, 0.0, 0.0, 0.0, 0.0, 0.0, 0.0, 0.0, 0.0, 0.0, -0.0006491099999999999, -0.024530529392133828, 1.1e-06, -4e-07], [-0.0028701699999999996, 0.0, 0.0, 0.0, 0.0, 0.0, 0.0, 0.0, 0.0, 0.0, 0.0, 0.0, 0.0, -1.8799999999999998e-06, 1.1e-06, -0.04504030284530998, 0.01082095], [0.0070480099999999995, 0.0, 0.0, 0.0, 0.0, 0.0, 0.0, 0.0, 0.0, 0.0, 0.0, 0.0, 0.0, -1.7500000000000002e-06, -4e-07, 0.01082095, 0.04510316118620953]], [[7.21102414851854e-05, 0.0, 0.0, 0.0, 0.0, 0.0, 0.0, 0.0, 0.0, 0.0, 0.0, 0.0, 0.0, 3.776999999999999e-05, -2.8939999999999997e-05, 0.00011746, -0.00011713000000000001], [0.0, 3.102103476014604e-05, -8.099999999999999e-06, -5.209999999999999e-06, -3.7599999999999996e-06, 1.1259999999999999e-05, -3.31e-06, -1.86e-06, -6.1e-07, 2.0999999999999997e-07, -1.2999999999999998e-06, -9.100000000000001e-07, 6.2e-07, 0.0, 0.0, 0.0, 0.0], [0.0, -8.099999999999999e-06, 3.945654022341637e-05, 6.03e-06, 2.544e-05, -2.4599999999999993e-06, 2.454e-05, -1.2e-07, 1.73e-06, -1.4e-07, 4.874e-05, 7.799999999999999e-07, 3.7e-07, 0.0, 0.0, 0.0, 0.0], [0.0, -5.209999999999999e-06, 6.03e-06, 4.8980551892653555e-05, -1.8000000000000002e-07, -0.00015358, 4.17e-06, 8.789999999999999e-06, 4.45e-06, -1.78e-06, 2.975e-05, -4.9409999999999996e-05, -1.3499999999999998e-06, 0.0, 0.0, 0.0, 0.0], [0.0, -3.7599999999999996e-06, 2.544e-05, -1.8000000000000002e-07, 4.353820647747386e-05, 3.7599999999999996e-06, 2.84e-06, -3.44e-06, 6.000000000000001e-07, -1.0599999999999998e-06, -9.2e-07, -9.999999999999957e-09, 8.9e-07, 0.0, 0.0, 0.0, 0.0], [0.0, 1.1259999999999999e-05, -2.4599999999999993e-06, -0.00015358, 3.7599999999999996e-06, 4.680360135227137e-05, -3.103e-05, -3.74e-06, -3.2799999999999995e-06, -9.699999999999998e-07, -4.28e-06, -1.22e-06, -8.3e-07, 0.0, 0.0, 0.0, 0.0], [0.0, -3.31e-06, 2.454e-05, 4.17e-06, 2.84e-06, -3.103e-05, 4.5987268101459875e-05, -8.3e-07, -2.05e-06, -3.49e-06, -3.49e-06, -9.099999999999999e-07, -8.6e-07, 0.0, 0.0, 0.0, 0.0], [0.0, -1.86e-06, -1.2e-07, 8.789999999999999e-06, -3.44e-06, -3.74e-06, -8.3e-07, 8.19063023664749e-05, 9.159999999999999e-06, -6.75e-06, -2.92e-06, 9.509999999999999e-06, -1.01e-06, 0.0, 0.0, 0.0, 0.0], [0.0, -6.1e-07, 1.73e-06, 4.45e-06, 6.000000000000001e-07, -3.2799999999999995e-06, -2.05e-06, 9.159999999999999e-06, 8.762069699370691e-05, -4.26e-06, -4.05e-05, -1.6499999999999997e-06, 2.275e-05, 0.0, 0.0, 0.0, 0.0], [0.0, 2.0999999999999997e-07, -1.4e-07, -1.78e-06, -1.0599999999999998e-06, -9.699999999999998e-07, -3.49e-06, -6.75e-06, -4.26e-06, 8.462747507406475e-05, -1.0189999999999999e-05, -2.2029999999999997e-05, 2.3299999999999993e-06, 0.0, 0.0, 0.0, 0.0], [0.0, -1.2999999999999998e-06, 4.874e-05, 2.975e-05, -9.2e-07, -4.28e-06, -3.49e-06, -2.92e-06, -4.05e-05, -1.0189999999999999e-05, 9.034186970129675e-05, 6.13e-06, 6.76e-06, 0.0, 0.0, 0.0, 0.0], [0.0, -9.100000000000001e-07, 7.799999999999999e-07, -4.9409999999999996e-05, -9.999999999999957e-09, -1.22e-06, -9.099999999999999e-07, 9.509999999999999e-06, -1.6499999999999997e-06, -2.2029999999999997e-05, 6.13e-06, 8.816491916091457e-05, 9.37e-06, 0.0, 0.0, 0.0, 0.0], [0.0, 6.2e-07, 3.7e-07, -1.3499999999999998e-06, 8.9e-07, -8.3e-07, -8.6e-07, -1.01e-06, 2.275e-05, 2.3299999999999993e-06, 6.76e-06, 9.37e-06, 7.94573026140404e-05, 0.0, 0.0, 0.0, 0.0], [3.776999999999999e-05, 0.0, 0.0, 0.0, 0.0, 0.0, 0.0, 0.0, 0.0, 0.0, 0.0, 0.0, 0.0, 4.843626785389437e-05, 1.22e-06, 2.488e-05, -1.34e-06], [-2.8939999999999997e-05, 0.0, 0.0, 0.0, 0.0, 0.0, 0.0, 0.0, 0.0, 0.0, 0.0, 0.0, 0.0, 1.22e-06, 4.816415677029053e-05, -4.4739999999999995e-05, -8.499999999999999e-07], [0.00011746, 0.0, 0.0, 0.0, 0.0, 0.0, 0.0, 0.0, 0.0, 0.0, 0.0, 0.0, 0.0, 2.488e-05, -4.4739999999999995e-05, 8.789280807731073e-05, -7e-07], [-0.00011713000000000001, 0.0, 0.0, 0.0, 0.0, 0.0, 0.0, 0.0, 0.0, 0.0, 0.0, 0.0, 0.0, -1.34e-06, -8.499999999999999e-07, -7e-07, 8.84370302445184e-05]], [[-0.018372590419435345, 0.0, 0.0, 0.0, 0.0, 0.0, 0.0, 0.0, 0.0, 0.0, 0.0, 0.0, 0.0, 1.848e-05, 1.5100000000000002e-06, -3.213e-05, -2.550000000000035e-06], [0.0, -0.2921162422728669, -5.779999999999999e-06, 4.579999999999999e-06, 1.08e-06, 1.7249999999999996e-05, 1.0620000000000002e-05, -6.5e-06, 3.9999999999999994e-08, 9.999999999999999e-09, -1.28e-06, -1.9999999999999996e-07, 1.4999999999999997e-07, 0.0, 0.0, 0.0, 0.0], [0.0, -5.779999999999999e-06, -0.29211950766774175, 1.5009999999999999e-05, 2.2800000000000002e-05, 6.999999999999999e-07, 1.759e-05, 2.3e-07, 6.219999999999999e-06, 2e-07, -1.59e-05, 1.13e-06, 3.4e-07, 0.0, 0.0, 0.0, 0.0], [0.0, 4.579999999999999e-06, 1.5009999999999999e-05, -0.292127943173205, 1.0369999999999999e-05, -8.3e-06, -4.409999999999999e-06, 4.999999999999999e-08, 2.7e-07, -6.379999999999999e-06, 1.4429999999999999e-05, 1.1999999999999996e-07, -1.1199999999999999e-06, 0.0, 0.0, 0.0, 0.0], [0.0, 1.08e-06, 2.2800000000000002e-05, 1.0369999999999999e-05, -0.29213311334566505, -2.6700000000000003e-06, -6.489999999999999e-06, -7.499999999999999e-07, 3.1e-07, -1.4999999999999997e-07, 2.22e-06, -1.6e-07, -2e-07, 0.0, 0.0, 0.0, 0.0], [0.0, 1.7249999999999996e-05, 6.999999999999999e-07, -8.3e-06, -2.6700000000000003e-06, -0.29213746718487427, -5.4e-07, 3.0000000000000004e-08, -6.499999999999999e-07, 1.7e-07, 8.359999999999998e-06, 2.08e-06, 5e-08, 0.0, 0.0, 0.0, 0.0], [0.0, 1.0620000000000002e-05, 1.759e-05, -4.409999999999999e-06, -6.489999999999999e-06, -5.4e-07, -0.2921410046289611, 9.99999999999999e-09, -9.999999999999999e-09, -8.1e-07, 1.1829999999999999e-05, -1.5999999999999998e-07, 2.1199999999999996e-06, 0.0, 0.0, 0.0, 0.0], [0.0, -6.5e-06, 2.3e-07, 4.999999999999999e-08, -7.499999999999999e-07, 3.0000000000000004e-08, 9.99999999999999e-09, -0.2701844012001186, 4.579999999999999e-06, 2.1510000000000002e-05, -6.389999999999999e-06, -7.66e-06, 1.9489999999999998e-05, 0.0, 0.0, 0.0, 0.0], [0.0, 3.9999999999999994e-08, 6.219999999999999e-06, 2.7e-07, 3.1e-07, -6.499999999999999e-07, -9.999999999999999e-09, 4.579999999999999e-06, -0.2701797752498258, 1.3269999999999998e-05, -1.5209999999999998e-05, -7.499999999999999e-07, 7.26e-06, 0.0, 0.0, 0.0, 0.0], [0.0, 9.999999999999999e-09, 2e-07, -6.379999999999999e-06, -1.4999999999999997e-07, 1.7e-07, -8.1e-07, 2.1510000000000002e-05, 1.3269999999999998e-05, -0.2701887550393278, 3.787e-05, 6.82e-06, 5.300000000000001e-07, 0.0, 0.0, 0.0, 0.0], [0.0, -1.28e-06, -1.59e-05, 1.4429999999999999e-05, 2.22e-06, 8.359999999999998e-06, 1.1829999999999999e-05, -6.389999999999999e-06, -1.5209999999999998e-05, 3.787e-05, -0.27017324452194774, -2.68e-06, 2.617e-05, 0.0, 0.0, 0.0, 0.0], [0.0, -1.9999999999999996e-07, 1.13e-06, 1.1999999999999996e-07, -1.6e-07, 2.08e-06, -1.5999999999999998e-07, -7.66e-06, -7.499999999999999e-07, 6.82e-06, -2.68e-06, -0.2701713397443625, 1.0519999999999998e-05, 0.0, 0.0, 0.0, 0.0], [0.0, 1.4999999999999997e-07, 3.4e-07, -1.1199999999999999e-06, -2e-07, 5e-08, 2.1199999999999996e-06, 1.9489999999999998e-05, 7.26e-06, 5.300000000000001e-07, 2.617e-05, 1.0519999999999998e-05, -0.2701822243114498, 0.0, 0.0, 0.0, 0.0], [1.848e-05, 0.0, 0.0, 0.0, 0.0, 0.0, 0.0, 0.0, 0.0, 0.0, 0.0, 0.0, 0.0, -0.26640473827983907, 9.499999999999999e-07, -6.2e-06, -1.2299999999999999e-06], [1.5100000000000002e-06, 0.0, 0.0, 0.0, 0.0, 0.0, 0.0, 0.0, 0.0, 0.0, 0.0, 0.0, 0.0, 9.499999999999999e-07, -0.26641643918017716, -3.0000000000000004e-08, 7.1e-07], [-3.213e-05, 0.0, 0.0, 0.0, 0.0, 0.0, 0.0, 0.0, 0.0, 0.0, 0.0, 0.0, 0.0, -6.2e-06, -3.0000000000000004e-08, -0.24388050519093002, -2.68e-06], [-2.550000000000035e-06, 0.0, 0.0, 0.0, 0.0, 0.0, 0.0, 0.0, 0.0, 0.0, 0.0, 0.0, 0.0, -1.2299999999999999e-06, 7.1e-07, -2.68e-06, -0.24387479073443125]], [[-5.986505710835838e-06, 0.0, 0.0, 0.0, 0.0, 0.0, 0.0, 0.0, 0.0, 0.0, 0.0, 0.0, 0.0, 0.9590182399999999, -0.019550929999999998, 3.7600000000000114e-06, -1.2690000000001398e-05], [0.0, -1.632685063088452e-05, 2.864e-05, -5.17e-06, -7.4899999999999994e-06, -6.879999999999992e-06, -4.728e-05, 0.028098009999999996, 3.9120000000000005e-05, -7.714999999999999e-05, -0.0032555, 7.811e-05, -1.9289999999999997e-05, 0.0, 0.0, 0.0, 0.0], [0.0, 2.864e-05, -1.3605677923294669e-05, -2.0439999999999997e-05, 9.590000000000001e-05, 1.491e-05, -0.00028375, 4.293e-05, -0.028019989999999998, -0.00021398, 5.0979999999999996e-05, 0.00335014, 1.1479999999999999e-05, 0.0, 0.0, 0.0, 0.0], [0.0, -5.17e-06, -2.0439999999999997e-05, 1.360555418019162e-06, -2.3999999999999995e-06, -0.00014216999999999998, -2.7999999999999994e-06, 1.6119999999999998e-05, -0.00021964, 0.028100579999999997, 8.158e-05, -0.0001013, -0.0032653599999999997, 0.0, 0.0, 0.0, 0.0], [0.0, -7.4899999999999994e-06, 9.590000000000001e-05, -2.3999999999999995e-06, 8.163456251218021e-06, 1.0659999999999998e-05, -5.07e-06, -0.00326324, 9.704e-05, -1.4389999999999993e-05, -0.02813766, -0.00023189, 3.940000000000004e-06, 0.0, 0.0, 0.0, 0.0], [0.0, -6.879999999999992e-06, 1.491e-05, -0.00014216999999999998, 1.0659999999999998e-05, -6.5307278780435025e-06, 2.147e-05, -9.769999999999999e-05, -0.00338768, -0.00011481000000000001, 0.00014059999999999998, -0.028015489999999997, -7.059999999999997e-06, 0.0, 0.0, 0.0, 0.0], [0.0, -4.728e-05, -0.00028375, -2.7999999999999994e-06, -5.07e-06, 2.147e-05, -1.2789344672483172e-05, -1.661e-05, 0.00011311, -0.0032588799999999996, 3.74e-05, 0.00025383, -0.028130439999999996, 0.0, 0.0, 0.0, 0.0], [0.0, 0.028098009999999996, 4.293e-05, 1.6119999999999998e-05, -0.00326324, -9.769999999999999e-05, -1.661e-05, -4.163342889224703e-05, 9.7e-07, -7.4e-07, 5.749999999999996e-06, -5e-07, -2.5400000000000002e-06, 0.0, 0.0, 0.0, 0.0], [0.0, 3.9120000000000005e-05, -0.028019989999999998, -0.00021964, 9.704e-05, -0.00338768, 0.00011311, 9.7e-07, 8.979727630477994e-06, -1e-07, 9.11e-06, -1.7299999999999987e-06, 4.239999999999999e-06, 0.0, 0.0, 0.0, 0.0], [0.0, -7.714999999999999e-05, -0.00021398, 0.028100579999999997, -1.4389999999999993e-05, -0.00011481000000000001, -0.0032588799999999996, -7.4e-07, -1e-07, 1.251723358887934e-05, -4.19e-06, -3.56e-06, -8.319999999999998e-06, 0.0, 0.0, 0.0, 0.0], [0.0, -0.0032555, 5.0979999999999996e-05, 8.158e-05, -0.02813766, 0.00014059999999999998, 3.74e-05, 5.749999999999996e-06, 9.11e-06, -4.19e-06, -1.687107279809218e-05, -1.22e-06, 4.3e-07, 0.0, 0.0, 0.0, 0.0], [0.0, 7.811e-05, 0.00335014, -0.0001013, -0.00023189, -0.028015489999999997, 0.00025383, -5e-07, -1.7299999999999987