{"number of modes": 12, "number of surfaces": 17, "energies": [[2.1171607164385637, 0.0, 0.0, 0.0, 0.0, 0.0, 0.0, 0.0, 0.0, 0.0, 0.0, 0.0, 0.0, -2.47e-07, -2.5e-08, 4.931e-06, 0.001044061], [0.0, 8.619512671438564, 1.761e-06, 2.66e-07, 1.8e-07, -1.4681e-05, 5.5e-08, -8e-09, 2.75e-06, -6e-09, -1.04e-07, -2.017e-06, 1e-09, 0.0, 0.0, 0.0, 0.0], [0.0, 1.761e-06, 8.619512106438563, -2.454e-06, -2.575e-06, -1.14e-07, -1.5087e-05, -2.71e-07, 2e-08, -4.9e-08, -1.3e-08, 9.8e-08, -2.4e-08, 0.0, 0.0, 0.0, 0.0], [0.0, 2.66e-07, -2.454e-06, 8.619511725438564, -6.3e-08, 2.102e-06, 9.6e-08, -7.7e-08, -3.373e-06, -8e-09, -6e-09, 2.466e-06, -1.05e-07, 0.0, 0.0, 0.0, 0.0], [0.0, 1.8e-07, -2.575e-06, -6.3e-08, 8.619512037438565, 1.255e-06, 4.23e-07, -2.8e-08, -3.06e-07, 1.33e-07, 7.8e-08, 1.38e-07, 2.9e-08, 0.0, 0.0, 0.0, 0.0], [0.0, -1.4681e-05, -1.14e-07, 2.102e-06, 1.255e-06, 8.619512285438564, -1.298e-06, 1.89e-07, -1.1e-08, -1.09e-07, -3.4e-08, 7.5e-08, -8.6e-08, 0.0, 0.0, 0.0, 0.0], [0.0, 5.5e-08, -1.5087e-05, 9.6e-08, 4.23e-07, -1.298e-06, 8.619512593438564, -2.62e-07, -1.79e-07, -2.7e-08, 1e-09, 1.23e-07, 7.5e-08, 0.0, 0.0, 0.0, 0.0], [0.0, -8e-09, -2.71e-07, -7.7e-08, -2.8e-08, 1.89e-07, -2.62e-07, 7.2027870304385635, 5.39e-07, -5e-09, -3.7e-08, -8.4e-08, 1.48e-07, 0.0, 0.0, 0.0, 0.0], [0.0, 2.75e-06, 2e-08, -3.373e-06, -3.06e-07, -1.1e-08, -1.79e-07, 5.39e-07, 7.202786389438564, -6.02e-07, -2.89e-07, -1.9e-07, -5.17e-07, 0.0, 0.0, 0.0, 0.0], [0.0, -6e-09, -4.9e-08, -8e-09, 1.33e-07, -1.09e-07, -2.7e-08, -5e-09, -6.02e-07, 7.202785848438563, 1.93e-07, -4.33e-07, -2.23e-07, 0.0, 0.0, 0.0, 0.0], [0.0, -1.04e-07, -1.3e-08, -6e-09, 7.8e-08, -3.4e-08, 1e-09, -3.7e-08, -2.89e-07, 1.93e-07, 7.202786841438564, 6.18e-07, -3.4e-07, 0.0, 0.0, 0.0, 0.0], [0.0, -2.017e-06, 9.8e-08, 2.466e-06, 1.38e-07, 7.5e-08, 1.23e-07, -8.4e-08, -1.9e-07, -4.33e-07, 6.18e-07, 7.202786387438564, 1.86e-07, 0.0, 0.0, 0.0, 0.0], [0.0, 1e-09, -2.4e-08, -1.05e-07, 2.9e-08, -8.6e-08, 7.5e-08, 1.48e-07, -5.17e-07, -2.23e-07, -3.4e-07, 1.86e-07, 7.202785961438564, 0.0, 0.0, 0.0, 0.0], [-2.47e-07, 0.0, 0.0, 0.0, 0.0, 0.0, 0.0, 0.0, 0.0, 0.0, 0.0, 0.0, 0.0, 9.529063029438564, 1.25e-07, -4.7e-08, -1.51e-07], [-2.5e-08, 0.0, 0.0, 0.0, 0.0, 0.0, 0.0, 0.0, 0.0, 0.0, 0.0, 0.0, 0.0, 1.25e-07, 9.529063269438563, 1.4e-08, 9.8e-08], [4.931e-06, 0.0, 0.0, 0.0, 0.0, 0.0, 0.0, 0.0, 0.0, 0.0, 0.0, 0.0, 0.0, -4.7e-08, 1.4e-08, 8.108762520438564, -1.5e-07], [0.001044061, 0.0, 0.0, 0.0, 0.0, 0.0, 0.0, 0.0, 0.0, 0.0, 0.0, 0.0, 0.0, -1.51e-07, 9.8e-08, -1.5e-07, 8.108762257438563]], "frequencies": [0.010811143200000001, 0.010811143200000001, 0.018360346290000003, 0.0183615861, 0.06309517071000001, 0.07161266541, 0.07161266541, 0.07536681009, 0.07536681009, 0.08058269076, 0.25487642037, 0.26028695121], "electronic transition dipole moments": [["0j", "(-0.097354+0j)", "(-0.097353+0j)", "(-0.097354+0j)", "(0.097354+0j)", "(0.097353+0j)", "(0.097354+0j)", "(0.665211+0j)", "(0.664474+0j)", "(0.665211+0j)", "(-0.665211+0j)", "(-0.664474+0j)", "(-0.665211+0j)", "(-0.085083+0j)", "(0.085083+0j)", "(0.445693+0j)", "(-0.445694+0j)"], ["(4e-06+0j)", "(0.001634+0j)", "(0.001695+0j)", "(0.001634+0j)", "(-0.001634+0j)", "(-0.001695+0j)", "(-0.001634+0j)", "(0.162174+0j)", "(0.16517+0j)", "(0.162174+0j)", "(-0.162174+0j)", "(-0.16517+0j)", "(-0.162174+0j)", "(-0.002163+0j)", "(0.002163+0j)", "(0.106529+0j)", "(-0.106533+0j)"], ["0j", "0j", "0j", "0j", "0j", "0j", "0j", "0j", "0j", "0j", "0j", "0j", "0j", "0j", "0j", "0j", "0j"]], "magnetic transition dipole moments": [["0j", "(-0.097354+0j)", "(-0.097353+0j)", "(-0.097354+0j)", "(0.097354+0j)", "(0.097353+0j)", "(0.097354+0j)", "(0.665211+0j)", "(0.664474+0j)", "(0.665211+0j)", "(-0.665211+0j)", "(-0.664474+0j)", "(-0.665211+0j)", "(-0.085083+0j)", "(0.085083+0j)", "(0.445693+0j)", "(-0.445694+0j)"], ["(4e-06+0j)", "(0.001634+0j)", "(0.001695+0j)", "(0.001634+0j)", "(-0.001634+0j)", "(-0.001695+0j)", "(-0.001634+0j)", "(0.162174+0j)", "(0.16517+0j)", "(0.162174+0j)", "(-0.162174+0j)", "(-0.16517+0j)", "(-0.162174+0j)", "(-0.002163+0j)", "(0.002163+0j)", "(0.106529+0j)", "(-0.106533+0j)"], ["0j", "0j", "0j", "0j", "0j", "0j", "0j", "0j", "0j", "0j", "0j", "0j", "0j", "0j", "0j", "0j", "0j"]], "linear couplings": [[[-3.673542938737805e-05, 0.0, 0.0, 0.0, 0.0, 0.0, 0.0, 0.0, 0.0, 0.0, 0.0, 0.0, 0.0, -1.2030000000000002e-05, -2.489e-05, -0.01392762, -0.10465091999999998], [0.0, 0.00024789579576825537, 3.204e-05, 6.889999999999999e-06, -0.02144814, 0.00013249, -4.395e-05, 4.5599999999999995e-06, -3e-08, -1.57e-06, -6.63e-06, -4e-08, -1.1e-06, 0.0, 0.0, 0.0, 0.0], [0.0, 3.204e-05, 0.00020245281170555468, 0.00013783, 0.00013356999999999998, 0.021449390000000002, -6.234999999999998e-05, -5e-08, -4.6499999999999995e-06, 4.669e-05, -3.0000000000000004e-08, 6.31e-06, 5.884e-05, 0.0, 0.0, 0.0, 0.0], [0.0, 6.889999999999999e-06, 0.00013783, 0.00030150223608217403, 4.3469999999999995e-05, -6.586999999999999e-05, -0.02145982, 1.9999999999999997e-08, -6e-08, 4.5599999999999995e-06, 1.0999999999999999e-07, 0.0, -6.63e-06, 0.0, 0.0, 0.0, 0.0], [0.0, -0.02144814, 0.00013356999999999998, 4.3469999999999995e-05, -0.00025170541281026055, 3.1780000000000004e-05, -5.999999999999999e-06, -3.2799999999999995e-06, 1.3e-07, 1.6799999999999998e-06, -6.9400000000000005e-06, -1.3999999999999998e-07, 1e-06, 0.0, 0.0, 0.0, 0.0], [0.0, 0.00013249, 0.021449390000000002, -6.586999999999999e-05, 3.1780000000000004e-05, -0.0003066724085421984, 0.000138, 8.999999999999999e-08, -3.3300000000000003e-06, 4.524e-05, 4.576999999999999e-05, -6.719999999999999e-06, 1.2329999999999999e-05, 0.0, 0.0, 0.0, 0.0], [0.0, -4.395e-05, -6.234999999999998e-05, -0.02145982, -5.999999999999999e-06, 0.000138, -0.00019129607166314298, -3.442e-05, 3.5999999999999994e-07, -3.2900000000000003e-06, 4.4149999999999996e-05, 9.999999999999999e-09, -6.9599999999999994e-06, 0.0, 0.0, 0.0, 0.0], [0.0, 4.5599999999999995e-06, -5e-08, 1.9999999999999997e-08, -3.2799999999999995e-06, 8.999999999999999e-08, -3.442e-05, -0.014586668944232939, 9.938e-05, 8.2e-07, -0.05843272, -0.00020699, -2.932e-05, 0.0, 0.0, 0.0, 0.0], [0.0, -3e-08, -4.6499999999999995e-06, -6e-08, 1.3e-07, -3.3300000000000003e-06, 3.5999999999999994e-07, 9.938e-05, -0.014848714640091696, -4.547e-05, 0.00015620999999999997, -0.058337059999999996, 4.1509999999999994e-05, 0.0, 0.0, 0.0, 0.0], [0.0, -1.57e-06, 4.669e-05, 4.5599999999999995e-06, 1.6799999999999998e-06, 4.524e-05, -3.2900000000000003e-06, 8.2e-07, -4.547e-05, -0.014579593932316136, 2.8950000000000002e-05, -1.887e-05, -0.05842433, 0.0, 0.0, 0.0, 0.0], [0.0, -6.63e-06, -3.0000000000000004e-08, 1.0999999999999999e-07, -6.9400000000000005e-06, 4.576999999999999e-05, 4.4149999999999996e-05, -0.05843272, 0.00015620999999999997, 2.8950000000000002e-05, 0.014581498771772915, -0.00010024, -9.500000000000001e-07, 0.0, 0.0, 0.0, 0.0], [0.0, -4e-08, 6.31e-06, 0.0, -1.3999999999999998e-07, -6.719999999999999e-06, 9.999999999999999e-09, -0.00020699, -0.058337059999999996, -1.887e-05, -0.00010024, 0.014836741628670025, 4.5129999999999997e-05, 0.0, 0.0, 0.0, 0.0], [0.0, -1.1e-06, 5.884e-05, -6.63e-06, 1e-06, 1.2329999999999999e-05, -6.9599999999999994e-06, -2.932e-05, 4.1509999999999994e-05, -0.05842433, -9.500000000000001e-07, 4.5129999999999997e-05, 0.014593471721323035, 0.0, 0.0, 0.0, 0.0], [-1.2030000000000002e-05, 0.0, 0.0, 0.0, 0.0, 0.0, 0.0, 0.0, 0.0, 0.0, 0.0, 0.0, 0.0, -0.0008065457900758696, -0.02629573, 3.54e-06, -4.81e-06], [-2.489e-05, 0.0, 0.0, 0.0, 0.0, 0.0, 0.0, 0.0, 0.0, 0.0, 0.0, 0.0, 0.0, -0.02629573, 0.0008068179011594735, -4.77e-06, -7.32e-06], [-0.01392762, 0.0, 0.0, 0.0, 0.0, 0.0, 0.0, 0.0, 0.0, 0.0, 0.0, 0.0, 0.0, 3.54e-06, -4.77e-06, -0.015648729702289522, -0.06391497], [-0.10465091999999998, 0.0, 0.0, 0.0, 0.0, 0.0, 0.0, 0.0, 0.0, 0.0, 0.0, 0.0, 0.0, -4.81e-06, -7.32e-06, -0.06391497, 0.015685465069805348]], [[7.347061128854999e-06, 0.0, 0.0, 0.0, 0.0, 0.0, 0.0, 0.0, 0.0, 0.0, 0.0, 0.0, 0.0, -3.377999999999999e-05, -4.37e-06, 0.1046466, -0.013954849999999998], [0.0, -0.021448022430761958, -7.1e-07, 5.199999999999999e-07, -0.00022387999999999998, 0.00017125, -9.004e-05, -1.2339999999999999e-05, 3.8999999999999997e-07, 9.8e-07, 3.89e-06, 4.28e-06, -2.39e-06, 0.0, 0.0, 0.0, 0.0], [0.0, -7.1e-07, -0.021491016415072225, 5.299999999999999e-07, 0.00032775999999999997, 0.00026812, 8.541e-05, 0.0, 1.2899999999999998e-05, 7.1e-07, -1e-07, -4.049999999999999e-06, 4.0999999999999994e-07, 0.0, 0.0, 0.0, 0.0], [0.0, 5.199999999999999e-07, 5.299999999999999e-07, -0.021472784786856113, 7.524e-05, 5.7889999999999996e-05, -0.00023634, -1.05e-06, 8.999999999999999e-08, -1.2169999999999999e-05, 5.23e-06, -1.8999999999999998e-07, 3.8499999999999996e-06, 0.0, 0.0, 0.0, 0.0], [0.0, -0.00022387999999999998, 0.00032775999999999997, 7.524e-05, 0.02153537095480051, -1.1e-06, -7.4e-07, -9.699999999999998e-07, 2.5e-07, 1.6e-07, -1.1699999999999998e-05, -1.7e-07, 1.8000000000000002e-07, 0.0, 0.0, 0.0, 0.0], [0.0, 0.00017125, 0.00026812, 5.7889999999999996e-05, -1.1e-06, 0.021488839526403396, 1.1999999999999994e-07, -3.5999999999999994e-07, -7.699999999999999e-07, -1.1489999999999998e-05, -4.43e-06, -1.1319999999999998e-05, 1.4400000000000002e-06, 0.0, 0.0, 0.0, 0.0], [0.0, -9.004e-05, 8.541e-05, -0.00023634, -7.4e-07, 1.1999999999999994e-07, 0.0215696573225639, 1.2000000000000002e-07, -1.367e-05, -9.599999999999997e-07, -3.0000000000000004e-08, 4e-08, -1.1699999999999998e-05, 0.0, 0.0, 0.0, 0.0], [0.0, -1.2339999999999999e-05, 0.0, -1.05e-06, -9.699999999999998e-07, -3.5999999999999994e-07, 1.2000000000000002e-07, -0.058405180093007436, 9.089999999999998e-06, 1.8e-06, 0.014566589999999999, 0.0002672, -1.2289999999999996e-05, 0.0, 0.0, 0.0, 0.0], [0.0, 3.8999999999999997e-07, 1.2899999999999998e-05, 8.999999999999999e-08, 2.5e-07, -7.699999999999999e-07, -1.367e-05, 9.089999999999998e-06, -0.058328988185268195, -1.667e-05, -0.00019885999999999998, 0.0148744, 2.2429999999999994e-05, 0.0, 0.0, 0.0, 0.0], [0.0, 9.8e-07, 7.1e-07, -1.2169999999999999e-05, 1.6e-07, -1.1489999999999998e-05, -9.599999999999997e-07, 1.8e-06, -1.667e-05, -0.05840490798192383, 2.8719999999999996e-05, -0.00015102, 0.01456237, 0.0, 0.0, 0.0, 0.0], [0.0, 3.89e-06, -1e-07, 5.23e-06, -1.1699999999999998e-05, -4.43e-06, -3.0000000000000004e-08, 0.014566589999999999, -0.00019885999999999998, 2.8719999999999996e-05, 0.05844735774406689, -8.06e-06, -2.3799999999999997e-06, 0.0, 0.0, 0.0, 0.0], [0.0, 4.28e-06, -4.049999999999999e-06, -1.8999999999999998e-07, -1.7e-07, -1.1319999999999998e-05, 4e-08, 0.0002672, 0.0148744, -0.00015102, -8.06e-06, 0.05837415912011885, 1.5759999999999998e-05, 0.0, 0.0, 0.0, 0.0], [0.0, -2.39e-06, 4.0999999999999994e-07, 3.8499999999999996e-06, 1.8000000000000002e-07, 1.4400000000000002e-06, -1.1699999999999998e-05, -1.2289999999999996e-05, 2.2429999999999994e-05, 0.01456237, -2.3799999999999997e-06, 1.5759999999999998e-05, 0.058485181555917136, 0.0, 0.0, 0.0, 0.0], [-3.377999999999999e-05, 0.0, 0.0, 0.0, 0.0, 0.0, 0.0, 0.0, 0.0, 0.0, 0.0, 0.0, 0.0, -0.02630634507081255, 0.0008160200000000001, -1.634e-05, 3.99e-06], [-4.37e-06, 0.0, 0.0, 0.0, 0.0, 0.0, 0.0, 0.0, 0.0, 0.0, 0.0, 0.0, 0.0, 0.0008160200000000001, 0.026361584239499643, -5e-07, -1.182e-05], [0.1046466, 0.0, 0.0, 0.0, 0.0, 0.0, 0.0, 0.0, 0.0, 0.0, 0.0, 0.0, 0.0, -1.634e-05, -5e-07, -0.06389807252402128, 0.01563516], [-0.013954849999999998, 0.0, 0.0, 0.0, 0.0, 0.0, 0.0, 0.0, 0.0, 0.0, 0.0, 0.0, 0.0, 3.99e-06, -1.182e-05, 0.01563516, 0.0639546722481264]], [[-1.142878925446401e-05, 0.0, 0.0, 0.0, 0.0, 0.0, 0.0, 0.0, 0.0, 0.0, 0.0, 0.0, 0.0, -1.2149999999999999e-05, 1.623e-05, 0.006975099999999999, 0.002868039999999999], [0.0, -0.00021388153908846717, -1.2800000000000009e-06, 2.25e-06, 0.012731209999999998, -0.00029665999999999997, 0.0001469, 1.38e-06, -4.9999999999999985e-08, 3.1e-07, 5.56e-06, 3.5e-07, -4.8e-07, 0.0, 0.0, 0.0, 0.0], [0.0, -1.2800000000000009e-06, -0.00015238381547848579, 0.00010046, -0.00029854999999999997, -0.012776199999999998, 0.00011753000000000001, 3.8999999999999997e-07, -1.46e-06, -3.801e-05, -8e-08, -5.51e-06, 4.818e-05, 0.0, 0.0, 0.0, 0.0], [0.0, 2.25e-06, 0.00010046, -0.0002560592520194734, -0.00014394, 0.00011795, 0.0126815, -2.5e-07, 0.0, 1.5100000000000002e-06, 1e-08, -1.9e-07, 5.6299999999999995e-06, 0.0, 0.0, 0.0, 0.0], [0.0, 0.012731209999999998, -0.00029854999999999997, -0.00014394, 0.00017959523319662665, -2.48e-06, 6.999999999999997e-08, 1.8899999999999997e-06, 5.299999999999999e-07, -2.4e-07, -7.81e-06, -2.6e-07, -1.09e-06, 0.0, 0.0, 0.0, 0.0], [0.0, -0.00029665999999999997, -0.012776199999999998, 0.00011795, -2.48e-06, 0.00025415441256269503, 0.00010019, -6.1e-07, 2e-06, 7.199999999999999e-07, 3.7e-07, -7.93e-06, -1.3999999999999998e-07, 0.0, 0.0, 0.0, 0.0], [0.0, 0.0001469, 0.00011753000000000001, 0.0126815, 6.999999999999997e-08, 0.00010019, 0.00012925412588595393, -3.9999999999999994e-08, -2.3e-07, 1.9499999999999995e-06, 2.0999999999999997e-07, -3.4e-07, -7.84e-06, 0.0, 0.0, 0.0, 0.0], [0.0, 1.38e-06, 3.8999999999999997e-07, -2.5e-07, 1.8899999999999997e-06, -6.1e-07, -3.9999999999999994e-08, -0.011309328343367975, 1.1500000000000006e-06, 1.3019999999999999e-05, -0.04621489, -1.591e-05, 8.414e-05, 0.0, 0.0, 0.0, 0.0], [0.0, -4.9999999999999985e-08, -1.46e-06, 0.0, 5.299999999999999e-07, 2e-06, -2.3e-07, 1.1500000000000006e-06, -0.011527291672453603, -5.6309999999999994e-05, 1.51e-05, -0.04616656, 3.628e-05, 0.0, 0.0, 0.0, 0.0], [0.0, 3.1e-07, -3.801e-05, 1.5100000000000002e-06, -2.4e-07, 7.199999999999999e-07, 1.9499999999999995e-06, 1.3019999999999999e-05, -5.6309999999999994e-05, -0.011327832144539243, -9.027e-05, -8.73e-06, -0.04619382, 0.0, 0.0, 0.0, 0.0], [0.0, 5.56e-06, -8e-08, 1e-08, -7.81e-06, 3.7e-07, 2.0999999999999997e-07, -0.04621489, 1.51e-05, -9.027e-05, 0.011306879343615541, -9.499999999999994e-07, -1.2929999999999998e-05, 0.0, 0.0, 0.0, 0.0], [0.0, 3.5e-07, -5.51e-06, -1.9e-07, -2.6e-07, -7.93e-06, -3.4e-07, -1.591e-05, -0.04616656, -8.73e-06, -9.499999999999994e-07, 0.011516951265662004, 5.607e-05, 0.0, 0.0, 0.0, 0.0], [0.0, -4.8e-07, 4.818e-05, 5.6299999999999995e-06, -1.09e-06, -1.3999999999999998e-07, -7.84e-06, 8.414e-05, 3.628e-05, -0.04619382, -1.2929999999999998e-05, 5.607e-05, 0.011278035259395778, 0.0, 0.0, 0.0, 0.0], [-1.2149999999999999e-05, 0.0, 0.0, 0.0, 0.0, 0.0, 0.0, 0.0, 0.0, 0.0, 0.0, 0.0, 0.0, 0.0006470869626805811, 0.024540250000000003, 2.3e-06, 5.420000000000001e-06], [1.623e-05, 0.0, 0.0, 0.0, 0.0, 0.0, 0.0, 0.0, 0.0, 0.0, 0.0, 0.0, 0.0, 0.024540250000000003, -0.0006664070971026594, 2.35e-06, -8.33e-06], [0.006975099999999999, 0.0, 0.0, 0.0, 0.0, 0.0, 0.0, 0.0, 0.0, 0.0, 0.0, 0.0, 0.0, 2.3e-06, 2.35e-06, -0.010827142367883208, -0.04507919], [0.002868039999999999, 0.0, 0.0, 0.0, 0.0, 0.0, 0.0, 0.0, 0.0, 0.0, 0.0, 0.0, 0.0, 5.420000000000001e-06, -8.33e-06, -0.04507919, 0.010804012740162228]], [[1.551051738007302e-05, 0.0, 0.0, 0.0, 0.0, 0.0, 0.0, 0.0, 0.0, 0.0, 0.0, 0.0, 0.0, -1.4199999999999997e-06, 8.799999999999999e-07, -0.0028701699999999996, 0.0070480099999999995], [0.0, 0.012800240747679012, -1e-06, 8.6e-07, 0.00018941, 0.00011690999999999998, -3.965e-05, 0.0, -3.4799999999999997e-06, -2.4000000000000003e-07, -1.6799999999999998e-06, 2.9e-07, 6.999999999999999e-08, 0.0, 0.0, 0.0, 0.0], [0.0, -1e-06, 0.012817928091856364, -1.69e-06, 0.0002256, -0.00020667, -0.00010617999999999999, 8.5e-07, 3.9e-07, -1.35e-06, 1.08e-06, 1.71e-06, -3.641e-05, 0.0, 0.0, 0.0, 0.0], [0.0, 8.6e-07, -1.69e-06, 0.01279670324172061, 4.193e-05, -0.00017424999999999998, 0.00018821999999999996, 2.2399999999999997e-06, -2.18e-06, 1.3e-07, 1.359e-05, 5.94e-06, -1.69e-06, 0.0, 0.0, 0.0, 0.0], [0.0, 0.00018941, 0.0002256, 4.193e-05, -0.012733572789737455, -1.55e-06, -1.6900000000000001e-06, 7.699999999999998e-07, 2.67e-06, 7.900000000000001e-07, -8.5e-07, -6e-08, 1.6999999999999993e-07, 0.0, 0.0, 0.0, 0.0], [0.0, 0.00011690999999999998, -0.00020667, -0.00017424999999999998, -1.55e-06, -0.012742824690323088, -1.2299999999999999e-06, 1.4999999999999997e-07, 5.6e-07, 5e-08, 5.17e-06, -6.4e-07, 6.499999999999999e-07, 0.0, 0.0, 0.0, 0.0], [0.0, -3.965e-05, -0.00010617999999999999, 0.00018821999999999996, -1.6900000000000001e-06, -1.2299999999999999e-06, -0.012721871951270938, -5.299999999999999e-07, 6.699999999999999e-06, 8e-07, 2.27e-06, 2.4e-07, -8.6e-07, 0.0, 0.0, 0.0, 0.0], [0.0, 0.0, 8.5e-07, 2.2399999999999997e-06, 7.699999999999998e-07, 1.4999999999999997e-07, -5.299999999999999e-07, -0.046147806711172364, 3.452e-05, -3.1199999999999998e-06, 0.01129638, 8.761999999999999e-05, 2.8000000000000007e-06, 0.0, 0.0, 0.0, 0.0], [0.0, -3.4799999999999997e-06, 3.9e-07, -2.18e-06, 2.67e-06, 5.6e-07, 6.699999999999999e-06, 3.452e-05, -0.04614100387221071, -2.5280000000000002e-05, 0.00019292999999999998, 0.011493519999999998, -0.00026335, 0.0, 0.0, 0.0, 0.0], [0.0, -2.4000000000000003e-07, -1.35e-06, 1.3e-07, 7.900000000000001e-07, 5e-08, 8e-07, -3.1199999999999998e-06, -2.5280000000000002e-05, -0.04617964401731177, -2.3989999999999996e-05, 5.6850000000000006e-05, 0.011310029999999999, 0.0, 0.0, 0.0, 0.0], [0.0, -1.6799999999999998e-06, 1.08e-06, 1.359e-05, -8.5e-07, 5.17e-06, 2.27e-06, 0.01129638, 0.00019292999999999998, -2.3989999999999996e-05, 0.046235699519249676, -3.464e-05, 3.6e-06, 0.0, 0.0, 0.0, 0.0], [0.0, 2.9e-07, 1.71e-06, 5.94e-06, -6e-08, -6.4e-07, 2.4e-07, 8.761999999999999e-05, 0.011493519999999998, 5.6850000000000006e-05, -3.464e-05, 0.046200324707151866, 2.5789999999999995e-05, 0.0, 0.0, 0.0, 0.0], [0.0, 6.999999999999999e-08, -3.641e-05, -1.69e-06, 1.6999999999999993e-07, 6.499999999999999e-07, -8.6e-07, 2.8000000000000007e-06, -0.00026335, 0.011310029999999999, 3.6e-06, 2.5789999999999995e-05, 0.04625610803613461, 0.0, 0.0, 0.0, 0.0], [-1.4199999999999997e-06, 0.0, 0.0, 0.0, 0.0, 0.0, 0.0, 0.0, 0.0, 0.0, 0.0, 0.0, 0.0, 0.02460100690524584, -0.0006491099999999999, -1.8799999999999998e-06, -1.7500000000000002e-06], [8.799999999999999e-07, 0.0, 0.0, 0.0, 0.0, 0.0, 0.0, 0.0, 0.0, 0.0, 0.0, 0.0, 0.0, -0.0006491099999999999, -0.024530529392133828, 1.1e-06, -4e-07], [-0.0028701699999999996, 0.0, 0.0, 0.0, 0.0, 0.0, 0.0, 0.0, 0.0, 0.0, 0.0, 0.0, 0.0, -1.8799999999999998e-06, 1.1e-06, -0.04504030284530998, 0.01082095], [0.0070480099999999995, 0.0, 0.0, 0.0, 0.0, 0.0, 0.0, 0.0, 0.0, 0.0, 0.0, 0.0, 0.0, -1.7500000000000002e-06, -4e-07, 0.01082095, 0.04510316118620953]], [[-0.018372590419435345, 0.0, 0.0, 0.0, 0.0, 0.0, 0.0, 0.0, 0.0, 0.0, 0.0, 0.0, 0.0, 1.848e-05, 1.5100000000000002e-06, -3.213e-05, -2.550000000000035e-06], [0.0, -0.2921162422728669, -5.779999999999999e-06, 4.579999999999999e-06, 1.08e-06, 1.7249999999999996e-05, 1.0620000000000002e-05, -6.5e-06, 3.9999999999999994e-08, 9.999999999999999e-09, -1.28e-06, -1.9999999999999996e-07, 1.4999999999999997e-07, 0.0, 0.0, 0.0, 0.0], [0.0, -5.779999999999999e-06, -0.29211950766774175, 1.5009999999999999e-05, 2.2800000000000002e-05, 6.999999999999999e-07, 1.759e-05, 2.3e-07, 6.219999999999999e-06, 2e-07, -1.59e-05, 1.13e-06, 3.4e-07, 0.0, 0.0, 0.0, 0.0], [0.0, 4.579999999999999e-06, 1.5009999999999999e-05, -0.292127943173205, 1.0369999999999999e-05, -8.3e-06, -4.409999999999999e-06, 4.999999999999999e-08, 2.7e-07, -6.379999999999999e-06, 1.4429999999999999e-05, 1.1999999999999996e-07, -1.1199999999999999e-06, 0.0, 0.0, 0.0, 0.0], [0.0, 1.08e-06, 2.2800000000000002e-05, 1.0369999999999999e-05, -0.29213311334566505, -2.6700000000000003e-06, -6.489999999999999e-06, -7.499999999999999e-07, 3.1e-07, -1.4999999999999997e-07, 2.22e-06, -1.6e-07, -2e-07, 0.0, 0.0, 0.0, 0.0], [0.0, 1.7249999999999996e-05, 6.999999999999999e-07, -8.3e-06, -2.6700000000000003e-06, -0.29213746718487427, -5.4e-07, 3.0000000000000004e-08, -6.499999999999999e-07, 1.7e-07, 8.359999999999998e-06, 2.08e-06, 5e-08, 0.0, 0.0, 0.0, 0.0], [0.0, 1.0620000000000002e-05, 1.759e-05, -4.409999999999999e-06, -6.489999999999999e-06, -5.4e-07, -0.2921410046289611, 9.99999999999999e-09, -9.999999999999999e-09, -8.1e-07, 1.1829999999999999e-05, -1.5999999999999998e-07, 2.1199999999999996e-06, 0.0, 0.0, 0.0, 0.0], [0.0, -6.5e-06, 2.3e-07, 4.999999999999999e-08, -7.499999999999999e-07, 3.0000000000000004e-08, 9.99999999999999e-09, -0.2701844012001186, 4.579999999999999e-06, 2.1510000000000002e-05, -6.389999999999999e-06, -7.66e-06, 1.9489999999999998e-05, 0.0, 0.0, 0.0, 0.0], [0.0, 3.9999999999999994e-08, 6.219999999999999e-06, 2.7e-07, 3.1e-07, -6.499999999999999e-07, -9.999999999999999e-09, 4.579999999999999e-06, -0.2701797752498258, 1.3269999999999998e-05, -1.5209999999999998e-05, -7.499999999999999e-07, 7.26e-06, 0.0, 0.0, 0.0, 0.0], [0.0, 9.999999999999999e-09, 2e-07, -6.379999999999999e-06, -1.4999999999999997e-07, 1.7e-07, -8.1e-07, 2.1510000000000002e-05, 1.3269999999999998e-05, -0.2701887550393278, 3.787e-05, 6.82e-06, 5.300000000000001e-07, 0.0, 0.0, 0.0, 0.0], [0.0, -1.28e-06, -1.59e-05, 1.4429999999999999e-05, 2.22e-06, 8.359999999999998e-06, 1.1829999999999999e-05, -6.389999999999999e-06, -1.5209999999999998e-05, 3.787e-05, -0.27017324452194774, -2.68e-06, 2.617e-05, 0.0, 0.0, 0.0, 0.0], [0.0, -1.9999999999999996e-07, 1.13e-06, 1.1999999999999996e-07, -1.6e-07, 2.08e-06, -1.5999999999999998e-07, -7.66e-06, -7.499999999999999e-07, 6.82e-06, -2.68e-06, -0.2701713397443625, 1.0519999999999998e-05, 0.0, 0.0, 0.0, 0.0], [0.0, 1.4999999999999997e-07, 3.4e-07, -1.1199999999999999e-06, -2e-07, 5e-08, 2.1199999999999996e-06, 1.9489999999999998e-05, 7.26e-06, 5.300000000000001e-07, 2.617e-05, 1.0519999999999998e-05, -0.2701822243114498, 0.0, 0.0, 0.0, 0.0], [1.848e-05, 0.0, 0.0, 0.0, 0.0, 0.0, 0.0, 0.0, 0.0, 0.0, 0.0, 0.0, 0.0, -0.26640473827983907, 9.499999999999999e-07, -6.2e-06, -1.2299999999999999e-06], [1.5100000000000002e-06, 0.0, 0.0, 0.0, 0.0, 0.0, 0.0, 0.0, 0.0, 0.0, 0.0, 0.0, 0.0, 9.499999999999999e-07, -0.26641643918017716, -3.0000000000000004e-08, 7.1e-07], [-3.213e-05, 0.0, 0.0, 0.0, 0.0, 0.0, 0.0, 0.0, 0.0, 0.0, 0.0, 0.0, 0.0, -6.2e-06, -3.0000000000000004e-08, -0.24388050519093002, -2.68e-06], [-2.550000000000035e-06, 0.0, 0.0, 0.0, 0.0, 0.0, 0.0, 0.0, 0.0, 0.0, 0.0, 0.0, 0.0, -1.2299999999999999e-06, 7.1e-07, -2.68e-06, -0.24387479073443125]], [[5.714394627232005e-05, 0.0, 0.0, 0.0, 0.0, 0.0, 0.0, 0.0, 0.0, 0.0, 0.0, 0.0, 0.0, -1.5070000000000001e-05, -6.09e-06, 0.027005549999999996, 0.17432021999999997], [0.0, -0.0006835502809843554, 1.6469999999999996e-05, 2.27e-06, 0.058401949999999994, -5.1519999999999995e-05, -3.107e-05, 9.499999999999999e-07, 2.1300000000000003e-05, -5.9e-07, -6.499999999999998e-07, 1.61e-05, -3.1e-07, 0.0, 0.0, 0.0, 0.0], [0.0, 1.6469999999999996e-05, -0.0006394677904681224, -1.2759999999999993e-05, -5.0849999999999996e-05, -0.05835026, 7.531e-05, 2.6e-07, -1.22e-06, -1.263e-05, -1.0999999999999999e-07, 4.0999999999999994e-07, -9.539999999999998e-06, 0.0, 0.0, 0.0, 0.0], [0.0, 2.27e-06, -1.2759999999999993e-05, -0.000685727169653186, 3.098e-05, 7.528e-05, 0.05836620000000001, 5e-08, 3.802e-05, 9.8e-07, 1.5999999999999998e-07, 2.9189999999999997e-05, -6.099999999999999e-07, 0.0, 0.0, 0.0, 0.0], [0.0, 0.058401949999999994, -5.0849999999999996e-05, 3.098e-05, 0.0006201477179175956, 1.6509999999999993e-05, -2.36e-06, -4.7e-07, -2.085e-05, 4.6e-07, -6.000000000000001e-07, -1.598e-05, 4.6e-07, 0.0, 0.0, 0.0, 0.0], [0.0, -5.1519999999999995e-05, -0.05835026, 7.528e-05, 1.6509999999999993e-05, 0.0007298096601694191, -1.2910000000000009e-05, 1.5999999999999998e-07, -7.699999999999999e-07, -1.245e-05, 2.2e-07, -1.04e-06, -9.659999999999999e-06, 0.0, 0.0, 0.0, 0.0], [0.0, -3.107e-05, 7.531e-05, 0.05836620000000001, -2.36e-06, -1.2910000000000009e-05, 0.0006168823849143497, 3.0000000000000004e-08, -3.775e-05, -5.1e-07, 6e-08, -2.898e-05, -6.3e-07, 0.0, 0.0, 0.0, 0.0], [0.0, 9.499999999999999e-07, 2.6e-07, 5e-08, -4.7e-07, 1.5999999999999998e-07, 3.0000000000000004e-08, -0.007138093428388592, -7.769999999999998e-06, -3.1600000000000002e-06, -0.02853764, -1.3319999999999998e-05, 5.109999999999999e-06, 0.0, 0.0, 0.0, 0.0], [0.0, 2.1300000000000003e-05, -1.22e-06, 3.802e-05, -2.085e-05, -7.699999999999999e-07, -3.775e-05, -7.769999999999998e-06, -0.00724122458089082, -1.476e-05, 1.697e-05, -0.02852192, -1.326e-05, 0.0, 0.0, 0.0, 0.0], [0.0, -5.9e-07, -1.263e-05, 9.8e-07, 4.6e-07, -1.245e-05, -5.1e-07, -3.1600000000000002e-06, -1.476e-05, -0.007140542428141026, -3.4199999999999994e-06, 2.058e-05, -0.028551339999999998, 0.0, 0.0, 0.0, 0.0], [0.0, -6.499999999999998e-07, -1.0999999999999999e-07, 1.5999999999999998e-07, -6.000000000000001e-07, 2.2e-07, 6e-08, -0.02853764, 1.697e-05, -3.4199999999999994e-06, 0.007110065739291191, 7.76e-06, 3.15e-06, 0.0, 0.0, 0.0, 0.0], [0.0, 1.61e-05, 4.0999999999999994e-07, 2.9189999999999997e-05, -1.598e-05, -1.04e-06, -2.898e-05, -1.3319999999999998e-05, -0.02852192, 2.058e-05, 7.76e-06, 0.007267891776441753, 1.488e-05, 0.0, 0.0, 0.0, 0.0], [0.0, -3.1e-07, -9.539999999999998e-06, -6.099999999999999e-07, 4.6e-07, -9.659999999999999e-06, -6.3e-07, 5.109999999999999e-06, -1.326e-05, -0.028551339999999998, 3.15e-06, 1.488e-05, 0.007117956960715702, 0.0, 0.0, 0.0, 0.0], [-1.5070000000000001e-05, 0.0, 0.0, 0.0, 0.0, 0.0, 0.0, 0.0, 0.0, 0.0, 0.0, 0.0, 0.0, 0.002098542888639753, 0.06816900000000001, 7.6e-07, -1.09e-06], [-6.09e-06, 0.0, 0.0, 0.0, 0.0, 0.0, 0.0, 0.0, 0.0, 0.0, 0.0, 0.0, 0.0, 0.06816900000000001, -0.0021056177768134527, -2.0999999999999997e-07, -1.3000000000000003e-07], [0.027005549999999996, 0.0, 0.0, 0.0, 0.0, 0.0, 0.0, 0.0, 0.0, 0.0, 0.0, 0.0, 0.0, 7.6e-07, -2.0999999999999997e-07, -0.006875503510362626, -0.02808474], [0.17432021999999997, 0.0, 0.0, 0.0, 0.0, 0.0, 0.0, 0.0, 0.0, 0.0, 0.0, 0.0, 0.0, -1.09e-06, -1.3000000000000003e-07, -0.02808474, 0.006813189329758731]], [[-4.870844080904972e-05, 0.0, 0.0, 0.0, 0.0, 0.0, 0.0, 0.0, 0.0, 0.0, 0.0, 0.0, 0.0, -1.7619999999999997e-05, -3.3e-07, 0.17434076999999998, -0.027087449999999996], [0.0, -0.05844518079352651, 8.8e-07, -5.999999999999998e-08, -0.0006619199999999999, 0.00010118, -0.00014172, 5.8700000000000005e-06, 3.57e-06, 0.0, 1.08e-06, -8e-08, -5.419999999999999e-06, 0.0, 0.0, 0.0, 0.0], [0.0, 8.8e-07, -0.05846831048311904, 8.199999999999999e-07, -1.871e-05, 0.00071393, -0.00015426, 1.6299999999999999e-06, -5.8700000000000005e-06, 6.5099999999999995e-06, 0.0, -1.18e-06, -4e-08, 0.0, 0.0, 0.0, 0.0], [0.0, -5.999999999999998e-08, 8.199999999999999e-07, -0.05844273185564563, 0.00011942999999999999, -7.616e-05, -0.00065133, 6.999999999999999e-08, -8.999999999999999e-08, 5.8700000000000005e-06, 5.79e-06, 9.000000000000001e-08, 1.09e-06, 0.0, 0.0, 0.0, 0.0], [0.0, -0.0006619199999999999, -1.871e-05, 0.00011942999999999999, 0.058347219813484306, 5.699999999999999e-07, -2.7e-07, 5.52e-06, 7.0399999999999995e-06, -4.69e-06, 1.184e-05, 1.9e-07, -2.0999999999999997e-07, 0.0, 0.0, 0.0, 0.0], [0.0, 0.00010118, 0.00071393, -7.616e-05, 5.699999999999999e-07, 0.05832354590172457, 6.299999999999999e-07, -5.999999999999998e-08, 5.760000000000001e-06, 1.2999999999999997e-07, -2e-08, 1.187e-05, -4e-07, 0.0, 0.0, 0.0, 0.0], [0.0, -0.00014172, -0.00015426, -0.00065133, -2.7e-07, 6.299999999999999e-07, 0.058355927491902736, -2.84e-06, -2.853e-05, 5.5399999999999995e-06, 6e-08, 3.6599999999999997e-06, 1.187e-05, 0.0, 0.0, 0.0, 0.0], [0.0, 5.8700000000000005e-06, 1.6299999999999999e-06, 6.999999999999999e-08, 5.52e-06, -5.999999999999998e-08, -2.84e-06, 0.028530876690463457, -3.4229999999999996e-05, 2.6999999999999996e-07, -0.007149969999999999, -0.00029851, -8.769999999999997e-06, 0.0, 0.0, 0.0, 0.0], [0.0, 3.57e-06, -5.8700000000000005e-06, -8.999999999999999e-08, 7.0399999999999995e-06, 5.760000000000001e-06, -2.853e-05, -3.4229999999999996e-05, 0.028523801802289757, -6.399999999999994e-07, 2.9190000000000003e-05, -0.007274079999999999, -0.00022650999999999997, 0.0, 0.0, 0.0, 0.0], [0.0, 0.0, 6.5099999999999995e-06, 5.8700000000000005e-06, -4.69e-06, 1.2999999999999997e-07, 5.5399999999999995e-06, 2.6999999999999996e-07, -6.399999999999994e-07, 0.028504753840822836, 2.9100000000000026e-06, 0.00021707, -0.0071414, 0.0, 0.0, 0.0, 0.0], [0.0, 1.08e-06, 0.0, 5.79e-06, 1.184e-05, -2e-08, 6e-08, -0.007149969999999999, 2.9190000000000003e-05, 2.9100000000000026e-06, -0.02868652590081674, 3.357e-05, 5.1e-07, 0.0, 0.0, 0.0, 0.0], [0.0, -8e-08, -1.18e-06, 9.000000000000001e-08, 1.9e-07, 1.187e-05, 3.6599999999999997e-06, -0.00029851, -0.007274079999999999, 0.00021707, 3.357e-05, -0.028635640571338862, 1.62e-06, 0.0, 0.0, 0.0, 0.0], [0.0, -5.419999999999999e-06, -4e-08, 1.09e-06, -2.0999999999999997e-07, -4e-07, 1.187e-05, -8.769999999999997e-06, -0.00022650999999999997, -0.0071414, 5.1e-07, 1.62e-06, -0.02865169531088614, 0.0, 0.0, 0.0, 0.0], [-1.7619999999999997e-05, 0.0, 0.0, 0.0, 0.0, 0.0, 0.0, 0.0, 0.0, 0.0, 0.0, 0.0, 0.0, -0.06826114779470256, 0.00210678, 7.889999999999999e-06, 1.02e-06], [-3.3e-07, 0.0, 0.0, 0.0, 0.0, 0.0, 0.0, 0.0, 0.0, 0.0, 0.0, 0.0, 0.0, 0.00210678, 0.06815094163028354, 5.8700000000000005e-06, 1.3490000000000001e-05], [0.17434076999999998, 0.0, 0.0, 0.0, 0.0, 0.0, 0.0, 0.0, 0.0, 0.0, 0.0, 0.0, 0.0, 7.889999999999999e-06, 5.8700000000000005e-06, 0.028052228282808643, -0.006914129999999999], [-0.027087449999999996, 0.0, 0.0, 0.0, 0.0, 0.0, 0.0, 0.0, 0.0, 0.0, 0.0, 0.0, 0.0, 1.02e-06, 1.3490000000000001e-05, -0.006914129999999999, -0.02817386323648214]], [[-9.605620245697724e-05, 0.0, 0.0, 0.0, 0.0, 0.0, 0.0, 0.0, 0.0, 0.0, 0.0, 0.0, 0.0, -8.67e-06, 1.95e-05, -0.01335398, -0.24971885], [0.0, 0.00022667094563250185, -6.58e-05, 8e-06, -0.01393632, -0.00019353999999999997, -8.446e-05, -3.54e-06, -8.51e-06, 5e-08, 3.09e-06, 1.1999999999999999e-05, -9.999999999999999e-09, 0.0, 0.0, 0.0, 0.0], [0.0, -6.58e-05, 0.00020408547820717767, -5.2079999999999996e-05, -0.00019535, 0.013984700000000001, -2.3450000000000004e-05, 8.1e-07, 3.6400000000000003e-06, -1.5899999999999998e-06, 4e-07, -2.9999999999999997e-06, 9.000000000000001e-08, 0.0, 0.0, 0.0, 0.0], [0.0, 8e-06, -5.2079999999999996e-05, 0.00016217987635977528, 8.656e-05, -2.134999999999999e-05, -0.013987059999999999, 3.952999999999999e-05, -3.0249999999999997e-05, -3.5299999999999997e-06, -5.006e-05, 3.897e-05, 3.01e-06, 0.0, 0.0, 0.0, 0.0], [0.0, -0.01393632, -0.00019535, 8.656e-05, -0.00017605778910977684, -6.492e-05, -7.0399999999999995e-06, 5.489999999999999e-06, -8.829999999999998e-06, 3.1999999999999995e-07, -3.0199999999999995e-06, 1.2249999999999998e-05, -2.2999999999999997e-07, 0.0, 0.0, 0.0, 0.0], [0.0, -0.00019353999999999997, 0.013984700000000001, -2.134999999999999e-05, -6.492e-05, -0.00024190929005741952, -5.2440000000000006e-05, -9.899999999999998e-07, 5.47e-06, -8.199999999999999e-07, 6.999999999999999e-08, -3.1899999999999995e-06, 2e-07, 0.0, 0.0, 0.0, 0.0], [0.0, -8.446e-05, -2.3450000000000004e-05, -0.013987059999999999, -7.0399999999999995e-06, -5.2440000000000006e-05, -0.00023918817922138119, -6.1e-07, -3.1129999999999995e-05, 5.47e-06, 2.7e-07, 3.9859999999999994e-05, -3.0799999999999997e-06, 0.0, 0.0, 0.0, 0.0], [0.0, -3.54e-06, 8.1e-07, 3.952999999999999e-05, 5.489999999999999e-06, -9.899999999999998e-07, -6.1e-07, -0.034758748954106744, 4.362e-05, -2.4839999999999996e-05, -0.14089782, -5.074e-05, 3.425e-05, 0.0, 0.0, 0.0, 0.0], [0.0, -8.51e-06, 3.6400000000000003e-06, -3.0249999999999997e-05, -8.829999999999998e-06, 5.47e-06, -3.1129999999999995e-05, 4.362e-05, -0.03540610808974248, -2.2199999999999998e-05, 2.942e-05, -0.14076721, -2.239e-05, 0.0, 0.0, 0.0, 0.0], [0.0, 5e-08, -1.5899999999999998e-06, -3.5299999999999997e-06, 3.1999999999999995e-07, -8.199999999999999e-07, 5.47e-06, -2.4839999999999996e-05, -2.2199999999999998e-05, -0.03477915753286324, -2.188e-05, 3.3119999999999995e-05, -0.14093077999999998, 0.0, 0.0, 0.0, 0.0], [0.0, 3.09e-06, 4e-07, -5.006e-05, -3.0199999999999995e-06, 6.999999999999999e-08, 2.7e-07, -0.14089782, 2.942e-05, -2.188e-05, 0.03475140189297789, -4.3809999999999996e-05, 2.4789999999999998e-05, 0.0, 0.0, 0.0, 0.0], [0.0, 1.1999999999999999e-05, -2.9999999999999997e-06, 3.897e-05, 1.2249999999999998e-05, -3.1899999999999995e-06, 3.9859999999999994e-05, -5.074e-05, -0.14076721, 3.3119999999999995e-05, -4.3809999999999996e-05, 0.03537916878310794, 2.2469999999999997e-05, 0.0, 0.0, 0.0, 0.0], [0.0, -9.999999999999999e-09, 9.000000000000001e-08, 3.01e-06, -2.2999999999999997e-07, 2e-07, -3.0799999999999997e-06, 3.425e-05, -2.239e-05, -0.14093077999999998, 2.4789999999999998e-05, 2.2469999999999997e-05, 0.034751946115145094, 0.0, 0.0, 0.0, 0.0], [-8.67e-06, 0.0, 0.0, 0.0, 0.0, 0.0, 0.0, 0.0, 0.0, 0.0, 0.0, 0.0, 0.0, 0.0005861334612378075, 0.02149303, -4.5599999999999995e-06, 2.23e-06], [1.95e-05, 0.0, 0.0, 0.0, 0.0, 0.0, 0.0, 0.0, 0.0, 0.0, 0.0, 0.0, 0.0, 0.02149303, -0.000608174706495924, 4.2099999999999995e-06, -3.6399999999999995e-06], [-0.01335398, 0.0, 0.0, 0.0, 0.0, 0.0, 0.0, 0.0, 0.0, 0.0, 0.0, 0.0, 0.0, -4.5599999999999995e-06, 4.2099999999999995e-06, -0.03845269601684933, -0.15895845999999997], [-0.24971885, 0.0, 0.0, 0.0, 0.0, 0.0, 0.0, 0.0, 0.0, 0.0, 0.0, 0.0, 0.0, 2.23e-06, -3.6399999999999995e-06, -0.15895845999999997, 0.03851854757966853]], [[1.659896171448835e-05, -0.0, -3e-08, 0.0, 0.0, 0.0, -0.0, 0.0, 0.0, -0.0, 0.0, 0.0, -0.0, -1.095e-05, 8.799999999999999e-07, 0.24971064, -0.013213560000000001], [-0.0, -0.013912370501962664, 2.1000000000000003e-07, -3.9999999999999994e-08, -0.00017937999999999998, 9.658000000000001e-05, 0.00011771, 7.109999999999999e-06, 1.39e-06, -2.7999999999999994e-06, 6.1e-07, 1.343e-05, -2.9189999999999997e-05, -0.0, -0.0, -0.0, 0.0], [-3e-08, 2.1000000000000003e-07, -0.0139357723026388, -2.7999999999999997e-07, 6.389e-05, 0.00020589000000000002, 0.00015385999999999997, -3.2099999999999998e-06, -7.939999999999999e-06, 1.4999999999999997e-07, -4.309999999999999e-06, -7.6e-07, -3.5999999999999994e-07, 0.0, 0.0, -7.169999999999999e-06, -8.1e-07], [0.0, -3.9999999999999994e-08, -2.7999999999999997e-07, -0.013927608908259134, -0.00010258, 0.00018642999999999996, -0.00018416, -5.5e-07, 2.9e-07, 7.16e-06, -6.299999999999999e-07, -9.3e-07, 5.9e-07, 0.0, 0.0, 0.0, -0.0], [0.0, -0.00017937999999999998, 6.389e-05, -0.00010258, 0.01393713285805682, -1.1999999999999996e-07, 0.0, 3.15e-06, 6.109999999999999e-06, 4e-07, 1.248e-05, -1.3999999999999998e-07, -3.0000000000000004e-08, 0.0, 0.0, 0.0, -2e-07], [0.0, 9.658000000000001e-05, 0.00020589000000000002, 0.00018642999999999996, -1.1999999999999996e-07, 0.013915635896837463, -4.9e-07, 4e-07, 3.2499999999999994e-06, -4.0999999999999994e-07, 1.6099999999999998e-06, 1.257e-05, 2.5999999999999995e-07, 0.0, 0.0, -0.0, -3.8999999999999997e-07], [-0.0, 0.00011771, 0.00015385999999999997, -0.00018416, 0.0, -4.9e-07, 0.01392053389634233, -5.399999999999999e-07, 2.8699999999999996e-06, 3.15e-06, 1.6e-07, 2.0229999999999998e-05, 1.248e-05, -0.0, -0.0, -0.0, 4e-08], [0.0, 7.109999999999999e-06, -3.2099999999999998e-06, -5.5e-07, 3.15e-06, 4e-07, -5.399999999999999e-07, -0.14093734457202717, -1.3999999999999993e-07, 8.999999999999999e-08, 0.03476559, 4.29e-06, -1.1000000000000032e-07, 0.0, 0.0, 0.0, -0.0], [0.0, 1.39e-06, -7.939999999999999e-06, 2.9e-07, 6.109999999999999e-06, 3.2499999999999994e-06, 2.8699999999999996e-06, -1.3999999999999993e-07, -0.14081271633456247, 1.5699999999999998e-06, -4.679999999999999e-06, 0.03540358, 1.719e-05, 0.0, -0.0, 0.0, -0.0], [-0.0, -2.7999999999999994e-06, 1.4999999999999997e-07, 7.16e-06, 4e-07, -4.0999999999999994e-07, 3.15e-06, 8.999999999999999e-08, 1.5699999999999998e-06, -0.14096646070545898, -9.600000000000001e-07, -2.45e-06, 0.034762579999999994, -0.0, -0.0, -0.0, 0.0], [0.0, 6.1e-07, -4.309999999999999e-06, -6.299999999999999e-07, 1.248e-05, 1.6099999999999998e-06, 1.6e-07, 0.03476559, -4.679999999999999e-06, -9.600000000000001e-07, 0.1409531271386193, 2.999999999999987e-08, 1.9e-07, 0.0, 0.0, 0.0, -0.0], [0.0, 1.343e-05, -7.6e-07, -9.3e-07, -1.3999999999999998e-07, 1.257e-05, 2.0229999999999998e-05, 4.29e-06, 0.03540358, -2.45e-06, 2.999999999999987e-08, 0.14079720587905395, -1.99e-06, 0.0, 0.0, -0.0, -0.0], [-0.0, -2.9189999999999997e-05, -3.5999999999999994e-07, 5.9e-07, -3.0000000000000004e-08, 2.5999999999999995e-07, 1.248e-05, -1.1000000000000032e-07, 1.719e-05, 0.034762579999999994, 1.9e-07, -1.99e-06, 0.1409498617437445, -0.0, -0.0, -0.0, 0.0], [-1.095e-05, -0.0, 0.0, 0.0, 0.0, 0.0, -0.0, 0.0, 0.0, -0.0, 0.0, 0.0, -0.0, 0.02154299018888452, -0.00060131, 1.138e-05, 8.9e-07], [8.799999999999999e-07, -0.0, 0.0, 0.0, 0.0, 0.0, -0.0, 0.0, -0.0, -0.0, 0.0, 0.0, -0.0, -0.00060131, -0.021536187349922874, 2.72e-06, 1.4509999999999998e-05], [0.24971064, -0.0, -7.169999999999999e-06, 0.0, 0.0, -0.0, -0.0, 0.0, 0.0, -0.0, 0.0, -0.0, -0.0, 1.138e-05, 2.72e-06, -0.15897931656007697, 0.038413209999999996], [-0.013213560000000001, 0.0, -8.1e-07, -0.0, -2e-07, -3.8999999999999997e-07, 4e-08, -0.0, -0.0, 0.0, -0.0, -0.0, 0.0, 8.9e-07, 1.4509999999999998e-05, 0.038413209999999996, 0.15898122133766218]], [[-0.1137447242974411, 0.0, 0.0, 0.0, 0.0, 0.0, 0.0, 0.0, 0.0, 0.0, 0.0, 0.0, 0.0, -5.304e-05, -6.000000000000001e-07, -2.422e-05, -6.251000000000086e-05], [0.0, -0.38143683372555126, -4.37e-06, -9.46e-06, 2.7399999999999996e-06, 1.88e-05, 6.98e-06, -8.07e-06, 6e-08, -1.4999999999999997e-07, 1.5999999999999998e-07, -3.9999999999999994e-08, 9.999999999999999e-09, 0.0, 0.0, 0.0, 0.0], [0.0, -4.37e-06, -0.3814316635530912, 2.8699999999999996e-06, -1.753e-05, 2.5999999999999995e-07, 7.49e-06, 1.2049999999999998e-05, 7.6e-06, 2e-06, -5.1e-07, -3.7e-07, 3.3299999999999995e-06, 0.0, 0.0, 0.0, 0.0], [0.0, -9.46e-06, 2.8699999999999996e-06, -0.38144254812017847, 2.6599999999999995e-06, 2.093e-05, 2.5699999999999995e-06, -2.6999999999999996e-07, 3.9999999999999994e-08, -8.22e-06, -1.4999999999999997e-07, 2.7999999999999997e-07, 3.1e-07, 0.0, 0.0, 0.0, 0.0], [0.0, 2.7399999999999996e-06, -1.753e-05, 2.6599999999999995e-06, -0.38143628950338404, -5.769999999999999e-06, -4.049999999999999e-06, 1.88e-06, -7e-08, -7e-08, 8e-06, 3.8999999999999997e-07, -1.8999999999999998e-07, 0.0, 0.0, 0.0, 0.0], [0.0, 1.88e-05, 2.5999999999999995e-07, 2.093e-05, -5.769999999999999e-06, -0.38143683372555126, -3.3199999999999996e-06, -1.7999999999999997e-07, 1.4299999999999999e-06, 6.999999999999999e-08, -2.2999999999999997e-07, 7.699999999999999e-06, -3.9999999999999994e-08, 0.0, 0.0, 0.0, 0.0], [0.0, 6.98e-06, 7.49e-06, 2.5699999999999995e-06, -4.049999999999999e-06, -3.3199999999999996e-06, -0.38144254812017847, 3.1e-07, -3.4e-07, 1.72e-06, 1.8999999999999998e-07, -2.7e-07, 7.99e-06, 0.0, 0.0, 0.0, 0.0], [0.0, -8.07e-06, 1.2049999999999998e-05, -2.6999999999999996e-07, 1.88e-06, -1.7999999999999997e-07, 3.1e-07, -0.2983555433257647, -1.16e-06, 8.61e-06, -1.1399999999999999e-06, -1.1099999999999997e-06, -4.34e-06, 0.0, 0.0, 0.0, 0.0], [0.0, 6e-08, 7.6e-06, 3.9999999999999994e-08, -7e-08, 1.4299999999999999e-06, -3.4e-07, -1.16e-06, -0.2983560875479319, 1.8799999999999998e-06, -9.02e-06, -6.669999999999999e-06, 1.075e-05, 0.0, 0.0, 0.0, 0.0], [0.0, -1.4999999999999997e-07, 2e-06, -8.22e-06, -7e-08, 6.999999999999999e-08, 1.72e-06, 8.61e-06, 1.8799999999999998e-06, -0.2983601692760575, 7.96e-06, 1.0109999999999998e-05, -3.91e-06, 0.0, 0.0, 0.0, 0.0], [0.0, 1.5999999999999998e-07, -5.1e-07, -1.4999999999999997e-07, 8e-06, -2.2999999999999997e-07, 1.8999999999999998e-07, -1.1399999999999999e-06, -9.02e-06, 7.96e-06, -0.2983577202144335, -2.08e-06, 1.2879999999999999e-05, 0.0, 0.0, 0.0, 0.0], [0.0, -3.9999999999999994e-08, -3.7e-07, 2.7999999999999997e-07, 3.8999999999999997e-07, 7.699999999999999e-06, -2.7e-07, -1.1099999999999997e-06, -6.669999999999999e-06, 1.0109999999999998e-05, -2.08e-06, -0.2983607134363532, -8.07e-06, 0.0, 0.0, 0.0, 0.0], [0.0, 9.999999999999999e-09, 3.3299999999999995e-06, 3.1e-07, -1.8999999999999998e-07, -3.9999999999999994e-08, 7.99e-06, -4.34e-06, 1.075e-05, -3.91e-06, 1.2879999999999999e-05, -8.07e-06, -0.2983615298314755, 0.0, 0.0, 0.0, 0.0], [-5.304e-05, 0.0, 0.0, 0.0, 0.0, 0.0, 0.0, 0.0, 0.0, 0.0, 0.0, 0.0, 0.0, -0.3